2,1,1
5,1,-1
27,1,-1
34,1,1
39,1,1
40,1,-1
43,1,1
51,1,1
54,1,1
55,1,1
69,1,-1
94,1,1
100,1,1
10,2,1
11,2,1
22,2,1
23,2,1
24,2,1
28,2,1
34,2,1
53,2,1
66,2,1
69,2,-1
76,2,1
82,2,1
24,3,1
25,3,1
38,3,1
42,3,-1
46,3,1
48,3,1
62,3,1
63,3,1
68,3,1
78,3,1
80,3,-1
81,3,1
85,3,1
9,4,1
11,4,1
24,4,1
29,4,1
30,4,1
35,4,-1
43,4,1
62,4,1
66,4,1
67,4,1
71,4,1
76,4,1
88,4,1
11,5,1
25,5,1
30,5,1
35,5,-1
43,5,1
55,5,1
59,5,1
10,6,1
17,6,1
21,6,1
25,6,1
46,6,1
57,6,1
64,6,1
65,6,1
72,6,1
73,6,1
83,6,1
95,6,-1
98,6,1
99,6,1
11,7,1
13,7,1
19,7,1
27,7,-1
46,7,1
51,7,1
64,7,1
84,7,1
88,7,1
100,7,1
5,8,-1
11,8,1
14,8,1
21,8,1
32,8,1
33,8,1
40,8,-1
67,8,1
83,8,1
86,8,1
21,9,1
27,9,-1
28,9,1
61,9,1
63,9,1
70,9,1
75,9,1
88,9,1
98,9,1
99,9,1
3,10,1
14,10,1
19,10,1
24,10,1
26,10,1
28,10,1
31,10,1
34,10,1
39,10,1
41,10,-1
46,10,1
69,10,-1
76,10,1
78,10,1
79,10,1
80,10,-1
87,10,1
12,11,1
22,11,1
39,11,1
41,11,-1
66,11,1
67,11,1
86,11,1
93,11,-1
96,11,1
1,12,1
2,12,1
5,12,-1
28,12,1
39,12,1
47,12,1
55,12,1
56,12,1
69,12,-1
85,12,1
90,12,-1
3,13,1
27,13,-1
43,13,1
45,13,1
46,13,1
50,13,-1
58,13,-1
64,13,1
75,13,1
78,13,1
81,13,1
85,13,1
87,13,1
94,13,1
96,13,1
16,14,-1
18,14,1
21,14,1
32,14,1
41,14,-1
42,14,-1
44,14,1
50,14,-1
61,14,1
87,14,1
8,15,1
21,15,1
44,15,1
50,15,-1
54,15,1
65,15,1
67,15,1
70,15,1
74,15,1
95,15,-1
24,16,1
26,16,1
33,16,1
37,16,1
39,16,1
45,16,1
53,16,1
2,17,1
25,17,1
57,17,1
62,17,1
73,17,1
82,17,1
83,17,1
1,18,1
2,18,1
17,18,1
25,18,1
34,18,1
54,18,1
57,18,1
75,18,1
82,18,1
99,18,1
100,18,1
3,19,1
5,19,-1
9,19,1
10,19,1
20,19,1
33,19,1
62,19,1
68,19,1
76,19,1
88,19,1
97,19,1
1,20,1
4,20,1
9,20,1
12,20,1
18,20,1
33,20,1
37,20,1
53,20,1
54,20,1
63,20,1
67,20,1
90,20,-1
99,20,1
14,21,1
38,21,1
44,21,1
46,21,1
52,21,1
65,21,1
68,21,1
77,21,1
95,21,-1
4,22,1
8,22,1
11,22,1
19,22,1
20,22,1
29,22,1
67,22,1
86,22,1
88,22,1
96,22,1
14,23,1
16,23,-1
55,23,1
59,23,1
61,23,1
75,23,1
79,23,1
82,23,1
84,23,1
87,23,1
100,23,1
2,24,1
7,24,1
9,24,1
10,24,1
26,24,1
29,24,1
32,24,1
42,24,-1
63,24,1
71,24,1
73,24,1
78,24,1
79,24,1
80,24,-1
84,24,1
91,24,1
3,25,1
7,25,1
9,25,1
19,25,1
34,25,1
35,25,-1
38,25,1
47,25,1
48,25,1
59,25,1
63,25,1
65,25,1
67,25,1
77,25,1
87,25,1
9,26,1
28,26,1
29,26,1
32,26,1
33,26,1
39,26,1
45,26,1
61,26,1
79,26,1
84,26,1
90,26,-1
93,26,-1
98,26,1
99,26,1
7,27,1
9,27,1
12,27,1
23,27,1
32,27,1
73,27,1
74,27,1
77,27,1
94,27,1
2,28,1
7,28,1
31,28,1
34,28,1
45,28,1
46,28,1
53,28,1
69,28,-1
76,28,1
81,28,1
90,28,-1
93,28,-1
99,28,1
9,29,1
22,29,1
28,29,1
30,29,1
32,29,1
45,29,1
53,29,1
66,29,1
87,29,1
93,29,-1
99,29,1
12,30,1
13,30,1
22,30,1
31,30,1
36,30,1
39,30,1
43,30,1
55,30,1
63,30,1
76,30,1
78,30,1
87,30,1
88,30,1
3,31,1
5,31,-1
10,31,1
12,31,1
13,31,1
19,31,1
30,31,1
32,31,1
34,31,1
36,31,1
53,31,1
62,31,1
63,31,1
69,31,-1
76,31,1
78,31,1
80,31,-1
93,31,-1
5,32,-1
8,32,1
9,32,1
11,32,1
22,32,1
24,32,1
37,32,1
40,32,-1
41,32,-1
59,32,1
63,32,1
71,32,1
73,32,1
76,32,1
84,32,1
85,32,1
89,32,1
7,33,1
14,33,1
19,33,1
20,33,1
23,33,1
26,33,1
31,33,1
36,33,1
39,33,1
53,33,1
62,33,1
76,33,1
84,33,1
93,33,-1
96,33,1
99,33,1
6,34,-1
17,34,1
18,34,1
30,34,1
47,34,1
71,34,1
73,34,1
76,34,1
87,34,1
2,35,1
11,35,1
23,35,1
29,35,1
30,35,1
44,35,1
49,35,1
66,35,1
76,35,1
9,36,1
19,36,1
31,36,1
62,36,1
68,36,1
74,36,1
81,36,1
98,36,1
3,37,1
6,37,-1
14,37,1
24,37,1
26,37,1
38,37,1
42,37,-1
44,37,1
50,37,-1
60,37,1
63,37,1
65,37,1
71,37,1
72,37,1
74,37,1
81,37,1
83,37,1
89,37,1
90,37,-1
93,37,-1
8,38,1
11,38,1
22,38,1
32,38,1
72,38,1
7,39,1
35,39,-1
55,39,1
64,39,1
96,39,1
1,40,1
5,40,-1
7,40,1
14,40,1
15,40,1
27,40,-1
51,40,1
54,40,1
59,40,1
64,40,1
74,40,1
77,40,1
83,40,1
87,40,1
88,40,1
89,40,1
95,40,-1
97,40,1
2,41,1
9,41,1
18,41,1
24,41,1
38,41,1
40,41,-1
47,41,1
63,41,1
66,41,1
76,41,1
80,41,-1
92,41,1
2,42,1
16,42,-1
23,42,1
30,42,1
39,42,1
53,42,1
62,42,1
63,42,1
72,42,1
85,42,1
87,42,1
100,42,1
13,43,1
27,43,-1
30,43,1
39,43,1
42,43,-1
45,43,1
50,43,-1
51,43,1
55,43,1
65,43,1
92,43,1
9,44,1
11,44,1
14,44,1
21,44,1
35,44,-1
46,44,1
72,44,1
73,44,1
85,44,1
86,44,1
89,44,1
93,44,-1
26,45,1
32,45,1
39,45,1
40,45,-1
43,45,1
53,45,1
63,45,1
65,45,1
69,45,-1
71,45,1
73,45,1
76,45,1
91,45,1
96,45,1
99,45,1
3,46,1
21,46,1
33,46,1
36,46,1
37,46,1
38,46,1
45,46,1
52,46,1
78,46,1
81,46,1
85,46,1
89,46,1
100,46,1
1,47,1
2,47,1
18,47,1
28,47,1
35,47,-1
60,47,1
79,47,1
82,47,1
96,47,1
100,47,1
12,48,1
13,48,1
23,48,1
30,48,1
38,48,1
39,48,1
55,48,1
62,48,1
71,48,1
88,48,1
99,48,1
2,49,1
23,49,1
33,49,1
35,49,-1
44,49,1
55,49,1
62,49,1
92,49,1
97,49,1
27,50,-1
40,50,-1
58,50,-1
65,50,1
74,50,1
77,50,1
83,50,1
87,50,1
12,51,1
23,51,1
26,51,1
55,51,1
61,51,1
64,51,1
77,51,1
87,51,1
90,51,-1
6,52,-1
15,52,1
21,52,1
37,52,1
38,52,1
48,52,1
54,52,1
55,52,1
72,52,1
98,52,1
4,53,1
10,53,1
14,53,1
16,53,-1
19,53,1
22,53,1
28,53,1
29,53,1
30,53,1
37,53,1
39,53,1
42,53,-1
44,53,1
58,53,-1
76,53,1
78,53,1
93,53,-1
3,54,1
5,54,-1
31,54,1
34,54,1
41,54,-1
42,54,-1
48,54,1
60,54,1
67,54,1
69,54,-1
94,54,1
1,55,1
5,55,-1
9,55,1
11,55,1
43,55,1
48,55,1
49,55,1
71,55,1
73,55,1
88,55,1
92,55,1
12,56,1
24,56,1
25,56,1
59,56,1
78,56,1
82,56,1
84,56,1
85,56,1
91,56,1
2,57,1
17,57,1
18,57,1
22,57,1
34,57,1
54,57,1
60,57,1
66,57,1
67,57,1
69,57,-1
75,57,1
82,57,1
93,57,-1
95,57,-1
99,57,1
8,58,1
13,58,1
21,58,1
27,58,-1
30,58,1
38,58,1
43,58,1
45,58,1
57,58,1
70,58,1
83,58,1
86,58,1
88,58,1
6,59,-1
7,59,1
46,59,1
56,59,1
76,59,1
84,59,1
89,59,1
4,60,1
18,60,1
34,60,1
39,60,1
57,60,1
67,60,1
94,60,1
95,60,-1
2,61,1
17,61,1
23,61,1
24,61,1
41,61,-1
51,61,1
79,61,1
80,61,-1
82,61,1
3,62,1
11,62,1
25,62,1
29,62,1
30,62,1
33,62,1
35,62,-1
39,62,1
40,62,-1
48,62,1
53,62,1
54,62,1
67,62,1
76,62,1
81,62,1
2,63,1
3,63,1
36,63,1
65,63,1
76,63,1
79,63,1
80,63,-1
81,63,1
1,64,1
7,64,1
27,64,-1
43,64,1
46,64,1
48,64,1
55,64,1
83,64,1
94,64,1
96,64,1
98,64,1
100,64,1
30,65,1
42,65,-1
43,65,1
63,65,1
64,65,1
69,65,-1
71,65,1
74,65,1
76,65,1
77,65,1
88,65,1
11,66,1
22,66,1
29,66,1
37,66,1
49,66,1
70,66,1
71,66,1
73,66,1
75,66,1
91,66,1
93,66,-1
97,66,1
4,67,1
15,67,1
30,67,1
31,67,1
33,67,1
48,67,1
52,67,1
54,67,1
55,67,1
57,67,1
60,67,1
74,67,1
90,67,-1
95,67,-1
6,68,-1
9,68,1
10,68,1
14,68,1
22,68,1
44,68,1
52,68,1
53,68,1
65,68,1
69,68,-1
72,68,1
96,68,1
20,69,1
25,69,1
28,69,1
34,69,1
47,69,1
56,69,1
77,69,1
78,69,1
92,69,1
4,70,1
11,70,1
18,70,1
20,70,1
21,70,1
44,70,1
66,70,1
73,70,1
74,70,1
91,70,1
98,70,1
9,71,1
11,71,1
18,71,1
25,71,1
26,71,1
29,71,1
47,71,1
69,71,-1
98,71,1
6,72,-1
14,72,1
21,72,1
27,72,-1
34,72,1
40,72,-1
47,72,1
52,72,1
54,72,1
57,72,1
60,72,1
65,72,1
68,72,1
82,72,1
83,72,1
91,72,1
94,72,1
95,72,-1
96,72,1
1,73,1
9,73,1
10,73,1
16,73,-1
23,73,1
25,73,1
29,73,1
35,73,-1
37,73,1
46,73,1
47,73,1
49,73,1
55,73,1
61,73,1
63,73,1
71,73,1
72,73,1
82,73,1
97,73,1
100,73,1
8,74,1
9,74,1
15,74,1
21,74,1
43,74,1
44,74,1
46,74,1
50,74,-1
58,74,-1
68,74,1
81,74,1
86,74,1
99,74,1
2,75,1
23,75,1
41,75,-1
47,75,1
58,75,-1
61,75,1
66,75,1
70,75,1
72,75,1
73,75,1
82,75,1
83,75,1
84,75,1
94,75,1
95,75,-1
2,76,1
10,76,1
23,76,1
31,76,1
33,76,1
35,76,-1
39,76,1
42,76,-1
54,76,1
64,76,1
71,76,1
83,76,1
87,76,1
88,76,1
1,77,1
9,77,1
20,77,1
21,77,1
38,77,1
43,77,1
52,77,1
74,77,1
87,77,1
90,77,-1
92,77,1
10,78,1
24,78,1
25,78,1
31,78,1
37,78,1
56,78,1
63,78,1
72,78,1
77,78,1
93,78,-1
4,79,1
17,79,1
18,79,1
24,79,1
25,79,1
35,79,-1
51,79,1
73,79,1
80,79,-1
84,79,1
87,79,1
90,79,-1
3,80,1
10,80,1
14,80,1
19,80,1
23,80,1
24,80,1
40,80,-1
42,80,-1
56,80,1
59,80,1
68,80,1
69,80,-1
73,80,1
78,80,1
84,80,1
87,80,1
89,80,1
92,80,1
3,81,1
14,81,1
31,81,1
38,81,1
48,81,1
49,81,1
55,81,1
73,81,1
80,81,-1
89,81,1
90,81,-1
2,82,1
10,82,1
12,82,1
17,82,1
23,82,1
34,82,1
41,82,-1
47,82,1
61,82,1
66,82,1
75,82,1
79,82,1
90,82,-1
95,82,-1
14,83,1
20,83,1
27,83,-1
32,83,1
57,83,1
58,83,-1
62,83,1
66,83,1
67,83,1
70,83,1
87,83,1
94,83,1
8,84,1
16,84,-1
24,84,1
32,84,1
33,84,1
46,84,1
56,84,1
61,84,1
83,84,1
85,84,1
94,84,1
1,85,1
11,85,1
12,85,1
13,85,1
21,85,1
30,85,1
33,85,1
38,85,1
46,85,1
56,85,1
78,85,1
82,85,1
84,85,1
88,85,1
5,86,-1
8,86,1
11,86,1
12,86,1
21,86,1
35,86,-1
38,86,1
44,86,1
49,86,1
55,86,1
66,86,1
69,86,-1
70,86,1
74,86,1
81,86,1
89,86,1
95,86,-1
10,87,1
14,87,1
18,87,1
28,87,1
30,87,1
31,87,1
34,87,1
41,87,-1
50,87,-1
53,87,1
66,87,1
69,87,-1
76,87,1
78,87,1
2,88,1
29,88,1
33,88,1
35,88,-1
39,88,1
42,88,-1
53,88,1
96,88,1
97,88,1
22,89,1
69,89,-1
75,89,1
79,89,1
80,89,-1
81,89,1
84,89,1
86,89,1
90,89,-1
92,89,1
20,90,1
34,90,1
44,90,1
50,90,-1
56,90,1
57,90,1
60,90,1
65,90,1
69,90,-1
84,90,1
93,90,-1
98,90,1
99,90,1
4,91,1
5,91,-1
9,91,1
11,91,1
12,91,1
19,91,1
20,91,1
21,91,1
36,91,1
45,91,1
51,91,1
52,91,1
55,91,1
59,91,1
68,91,1
69,91,-1
70,91,1
96,91,1
99,91,1
1,92,1
40,92,-1
65,92,1
69,92,-1
74,92,1
77,92,1
81,92,1
87,92,1
97,92,1
24,93,1
26,93,1
29,93,1
32,93,1
57,93,1
89,93,1
6,94,-1
27,94,-1
40,94,-1
50,94,-1
57,94,1
75,94,1
77,94,1
95,94,-1
96,94,1
98,94,1
11,95,1
14,95,1
17,95,1
34,95,1
38,95,1
52,95,1
57,95,1
60,95,1
70,95,1
72,95,1
83,95,1
85,95,1
88,95,1
90,95,-1
99,95,1
7,96,1
33,96,1
42,96,-1
46,96,1
55,96,1
73,96,1
78,96,1
81,96,1
85,96,1
100,96,1
7,97,1
29,97,1
33,97,1
35,97,-1
41,97,-1
62,97,1
79,97,1
88,97,1
92,97,1
4,98,1
15,98,1
20,98,1
27,98,-1
37,98,1
63,98,1
66,98,1
79,98,1
83,98,1
89,98,1
93,98,-1
12,99,1
16,99,-1
34,99,1
39,99,1
42,99,-1
45,99,1
54,99,1
57,99,1
60,99,1
65,99,1
67,99,1
69,99,-1
71,99,1
74,99,1
25,100,1
35,100,-1
46,100,1
47,100,1
49,100,1
55,100,1
73,100,1
80,100,-1
85,100,1
92,100,1
96,100,1
98,100,1
