51,1,-1
68,1,1
69,1,-1
73,1,1
79,1,1
86,1,1
93,1,1
5,2,1
13,2,1
21,2,1
30,2,1
38,2,-1
43,2,-1
59,2,1
65,2,-1
74,2,1
75,2,1
100,2,1
6,3,1
13,3,1
33,3,1
42,3,1
52,3,1
61,3,1
85,3,1
86,3,1
2,4,1
5,4,1
26,4,1
34,4,1
38,4,-1
39,4,-1
43,4,-1
44,4,1
46,4,1
52,4,1
56,4,1
59,4,1
62,4,1
77,4,-1
21,5,1
30,5,1
40,5,-1
43,5,-1
50,5,1
53,5,1
65,5,-1
74,5,1
75,5,1
76,5,-1
78,5,1
91,5,1
96,5,1
100,5,1
14,6,1
33,6,1
34,6,1
59,6,1
85,6,1
86,6,1
10,7,1
16,7,1
20,7,1
21,7,1
25,7,1
28,7,1
31,7,1
51,7,-1
52,7,1
64,7,1
74,7,1
75,7,1
85,7,1
89,7,1
6,8,1
21,8,1
30,8,1
38,8,-1
39,8,-1
62,8,1
70,8,1
78,8,1
81,8,1
91,8,1
92,8,1
96,8,1
100,8,1
3,9,-1
6,9,1
15,9,1
25,9,1
29,9,-1
35,9,1
39,9,-1
47,9,1
59,9,1
61,9,1
62,9,1
69,9,-1
71,9,1
79,9,1
86,9,1
88,9,1
90,9,1
95,9,1
6,10,1
14,10,1
20,10,1
21,10,1
22,10,1
45,10,1
50,10,1
51,10,-1
63,10,1
68,10,1
74,10,1
75,10,1
86,10,1
99,10,1
49,11,1
60,11,1
70,11,1
71,11,1
81,11,1
90,11,1
98,11,1
6,12,1
14,12,1
15,12,1
16,12,1
28,12,1
29,12,-1
31,12,1
37,12,1
41,12,-1
47,12,1
55,12,1
58,12,1
63,12,1
71,12,1
83,12,1
4,13,1
22,13,1
31,13,1
33,13,1
35,13,1
43,13,-1
47,13,1
51,13,-1
52,13,1
55,13,1
56,13,1
71,13,1
75,13,1
77,13,-1
85,13,1
90,13,1
7,14,1
9,14,-1
12,14,1
25,14,1
28,14,1
47,14,1
51,14,-1
63,14,1
85,14,1
91,14,1
11,15,1
27,15,-1
35,15,1
59,15,1
61,15,1
62,15,1
69,15,-1
71,15,1
76,15,-1
80,15,1
93,15,1
98,15,1
7,16,1
12,16,1
28,16,1
31,16,1
32,16,1
47,16,1
51,16,-1
58,16,1
74,16,1
76,16,-1
83,16,1
1,17,1
16,17,1
24,17,1
27,17,-1
32,17,1
42,17,1
53,17,1
67,17,1
68,17,1
69,17,-1
79,17,1
80,17,1
88,17,1
93,17,1
98,17,1
3,18,-1
22,18,1
23,18,1
33,18,1
37,18,1
41,18,-1
42,18,1
44,18,1
46,18,1
49,18,1
52,18,1
55,18,1
58,18,1
83,18,1
85,18,1
95,18,1
97,18,-1
99,18,1
1,19,1
6,19,1
9,19,-1
17,19,-1
27,19,-1
32,19,1
35,19,1
49,19,1
53,19,1
69,19,-1
79,19,1
80,19,1
86,19,1
88,19,1
93,19,1
7,20,1
10,20,1
12,20,1
14,20,1
28,20,1
31,20,1
34,20,1
38,20,-1
51,20,-1
65,20,-1
74,20,1
76,20,-1
81,20,1
89,20,1
93,20,1
2,21,1
5,21,1
8,21,1
10,21,1
20,21,1
30,21,1
36,21,1
38,21,-1
40,21,-1
43,21,-1
50,21,1
65,21,-1
75,21,1
81,21,1
91,21,1
100,21,1
3,22,-1
7,22,1
18,22,1
20,22,1
23,22,1
37,22,1
41,22,-1
46,22,1
49,22,1
52,22,1
58,22,1
66,22,1
69,22,-1
71,22,1
77,22,-1
95,22,1
97,22,-1
99,22,1
12,23,1
18,23,1
26,23,1
41,23,-1
47,23,1
55,23,1
56,23,1
58,23,1
63,23,1
82,23,1
83,23,1
84,23,1
97,23,-1
99,23,1
5,24,1
16,24,1
31,24,1
32,24,1
37,24,1
42,24,1
47,24,1
53,24,1
67,24,1
76,24,-1
77,24,-1
80,24,1
82,24,1
88,24,1
93,24,1
98,24,1
2,25,1
7,25,1
13,25,1
28,25,1
51,25,-1
58,25,1
64,25,1
85,25,1
89,25,1
90,25,1
3,26,-1
13,26,1
16,26,1
33,26,1
37,26,1
44,26,1
52,26,1
55,26,1
56,26,1
77,26,-1
82,26,1
84,26,1
85,26,1
87,26,1
15,27,1
24,27,1
36,27,1
48,27,1
62,27,1
69,27,-1
73,27,1
79,27,1
80,27,1
87,27,1
93,27,1
95,27,1
98,27,1
7,28,1
14,28,1
16,28,1
23,28,1
25,28,1
31,28,1
41,28,-1
47,28,1
51,28,-1
58,28,1
63,28,1
72,28,1
89,28,1
11,29,1
15,29,1
27,29,-1
36,29,1
43,29,-1
64,29,1
70,29,1
87,29,1
90,29,1
98,29,1
100,29,1
2,30,1
5,30,1
21,30,1
40,30,-1
53,30,1
54,30,1
65,30,-1
75,30,1
78,30,1
81,30,1
91,30,1
96,30,1
100,30,1
12,31,1
14,31,1
16,31,1
25,31,1
28,31,1
41,31,-1
51,31,-1
56,31,1
59,31,1
62,31,1
70,31,1
77,31,-1
89,31,1
28,32,1
42,32,1
67,32,1
72,32,1
80,32,1
99,32,1
3,33,-1
6,33,1
18,33,1
22,33,1
42,33,1
44,33,1
52,33,1
58,33,1
84,33,1
85,33,1
99,33,1
7,34,1
21,34,1
26,34,1
31,34,1
33,34,1
43,34,-1
44,34,1
55,34,1
58,34,1
59,34,1
66,34,1
77,34,-1
94,34,1
1,35,1
11,35,1
15,35,1
22,35,1
43,35,-1
49,35,1
60,35,1
61,35,1
69,35,-1
70,35,1
71,35,1
79,35,1
2,36,1
10,36,1
15,36,1
21,36,1
27,36,-1
29,36,-1
38,36,-1
45,36,1
48,36,1
60,36,1
61,36,1
62,36,1
64,36,1
70,36,1
71,36,1
87,36,1
90,36,1
100,36,1
10,37,1
11,37,1
21,37,1
41,37,-1
46,37,1
49,37,1
52,37,1
53,37,1
55,37,1
56,37,1
57,37,1
61,37,1
74,37,1
77,37,-1
79,37,1
82,37,1
84,37,1
95,37,1
99,37,1
100,37,1
10,38,1
14,38,1
36,38,1
54,38,1
57,38,1
62,38,1
74,38,1
75,38,1
76,38,-1
78,38,1
93,38,1
96,38,1
8,39,1
16,39,1
30,39,1
40,39,-1
46,39,1
48,39,1
57,39,1
62,39,1
66,39,1
72,39,1
77,39,-1
87,39,1
91,39,1
95,39,1
97,39,-1
4,40,1
9,40,-1
21,40,1
25,40,1
42,40,1
46,40,1
49,40,1
53,40,1
60,40,1
65,40,-1
71,40,1
90,40,1
91,40,1
6,41,1
12,41,1
14,41,1
23,41,1
63,41,1
77,41,-1
79,41,1
83,41,1
85,41,1
97,41,-1
1,42,1
3,42,-1
18,42,1
52,42,1
55,42,1
67,42,1
68,42,1
69,42,-1
80,42,1
85,42,1
86,42,1
2,43,1
4,43,1
11,43,1
13,43,1
21,43,1
25,43,1
26,43,1
34,43,1
38,43,-1
49,43,1
59,43,1
60,43,1
61,43,1
67,43,1
71,43,1
77,43,-1
87,43,1
90,43,1
3,44,-1
4,44,1
26,44,1
34,44,1
42,44,1
43,44,-1
52,44,1
58,44,1
59,44,1
66,44,1
77,44,-1
82,44,1
84,44,1
90,44,1
94,44,1
95,44,1
99,44,1
1,45,1
21,45,1
27,45,-1
48,45,1
50,45,1
54,45,1
70,45,1
71,45,1
73,45,1
79,45,1
91,45,1
93,45,1
97,45,-1
100,45,1
4,46,1
10,46,1
23,46,1
26,46,1
37,46,1
39,46,-1
52,46,1
57,46,1
66,46,1
77,46,-1
82,46,1
94,46,1
95,46,1
97,46,-1
99,46,1
24,47,1
31,47,1
34,47,1
54,47,1
62,47,1
66,47,1
76,47,-1
87,47,1
88,47,1
95,47,1
100,47,1
29,48,-1
36,48,1
37,48,1
39,48,-1
40,48,-1
45,48,1
49,48,1
54,48,1
57,48,1
66,48,1
70,48,1
73,48,1
79,48,1
95,48,1
100,48,1
1,49,1
2,49,1
11,49,1
22,49,1
35,49,1
40,49,-1
45,49,1
53,49,1
60,49,1
69,49,-1
78,49,1
91,49,1
100,49,1
4,50,1
5,50,1
8,50,1
21,50,1
30,50,1
65,50,-1
91,50,1
100,50,1
1,51,1
7,51,1
13,51,1
14,51,1
20,51,1
22,51,1
25,51,1
28,51,1
31,51,1
32,51,1
34,51,1
35,51,1
42,51,1
55,51,1
63,51,1
70,51,1
85,51,1
3,52,-1
13,52,1
18,52,1
26,52,1
33,52,1
43,52,-1
44,52,1
66,52,1
77,52,-1
85,52,1
99,52,1
5,53,1
8,53,1
40,53,-1
48,53,1
50,53,1
65,53,-1
78,53,1
92,53,1
96,53,1
100,53,1
5,54,1
8,54,1
27,54,-1
36,54,1
38,54,-1
39,54,-1
48,54,1
57,54,1
62,54,1
66,54,1
73,54,1
81,54,1
82,54,1
91,54,1
94,54,1
95,54,1
96,54,1
100,54,1
23,55,1
24,55,1
26,55,1
32,55,1
33,55,1
36,55,1
41,55,-1
44,55,1
56,55,1
58,55,1
82,55,1
83,55,1
84,55,1
97,55,-1
99,55,1
12,56,1
14,56,1
28,56,1
54,56,1
55,56,1
62,56,1
83,56,1
92,56,1
10,57,1
20,57,1
31,57,1
39,57,-1
59,57,1
62,57,1
74,57,1
91,57,1
95,57,1
96,57,1
98,57,1
24,58,1
26,58,1
55,58,1
83,58,1
84,58,1
9,59,-1
27,59,-1
32,59,1
39,59,-1
52,59,1
62,59,1
66,59,1
77,59,-1
95,59,1
11,60,1
27,60,-1
36,60,1
61,60,1
70,60,1
71,60,1
80,60,1
88,60,1
91,60,1
3,61,-1
6,61,1
9,61,-1
10,61,1
11,61,1
12,61,1
13,61,1
15,61,1
37,61,1
48,61,1
59,61,1
68,61,1
69,61,-1
76,61,-1
80,61,1
85,61,1
86,61,1
95,61,1
13,62,1
37,62,1
38,62,-1
45,62,1
54,62,1
61,62,1
73,62,1
92,62,1
96,62,1
97,62,-1
6,63,1
12,63,1
14,63,1
31,63,1
41,63,-1
55,63,1
84,63,1
85,63,1
36,64,1
43,64,-1
47,64,1
60,64,1
87,64,1
90,64,1
98,64,1
100,64,1
5,65,1
21,65,1
30,65,1
45,65,1
60,65,1
76,65,-1
100,65,1
4,66,1
18,66,1
39,66,-1
43,66,-1
52,66,1
54,66,1
57,66,1
62,66,1
64,66,1
72,66,1
94,66,1
95,66,1
11,67,1
29,67,-1
32,67,1
59,67,1
68,67,1
70,67,1
79,67,1
80,67,1
88,67,1
93,67,1
1,68,1
3,68,-1
17,68,-1
19,68,-1
42,68,1
67,68,1
79,68,1
80,68,1
1,69,1
5,69,1
6,69,1
15,69,1
19,69,-1
49,69,1
50,69,1
52,69,1
68,69,1
71,69,1
79,69,1
80,69,1
85,69,1
1,70,1
11,70,1
21,70,1
29,70,-1
36,70,1
45,70,1
48,70,1
49,70,1
65,70,-1
100,70,1
11,71,1
15,71,1
29,71,-1
35,71,1
49,71,1
60,71,1
61,71,1
62,71,1
67,71,1
70,71,1
81,71,1
87,71,1
88,71,1
91,71,1
8,72,1
16,72,1
30,72,1
32,72,1
54,72,1
81,72,1
83,72,1
92,72,1
27,73,-1
36,73,1
38,73,-1
45,73,1
48,73,1
54,73,1
62,73,1
70,73,1
93,73,1
95,73,1
7,74,1
14,74,1
25,74,1
28,74,1
30,74,1
31,74,1
38,74,-1
47,74,1
48,74,1
75,74,1
76,74,-1
78,74,1
85,74,1
7,75,1
20,75,1
29,75,-1
30,75,1
51,75,-1
65,75,-1
76,75,-1
100,75,1
2,76,1
31,76,1
40,76,-1
47,76,1
53,76,1
74,76,1
75,76,1
77,76,-1
96,76,1
7,77,1
16,77,1
26,77,1
27,77,-1
39,77,-1
42,77,1
46,77,1
52,77,1
56,77,1
66,77,1
82,77,1
84,77,1
95,77,1
8,78,1
21,78,1
38,78,-1
50,78,1
53,78,1
65,78,-1
72,78,1
81,78,1
96,78,1
100,78,1
1,79,1
8,79,1
15,79,1
18,79,1
19,79,-1
49,79,1
69,79,-1
70,79,1
93,79,1
1,80,1
15,80,1
17,80,-1
24,80,1
27,80,-1
35,80,1
60,80,1
67,80,1
68,80,1
69,80,-1
71,80,1
79,80,1
88,80,1
93,80,1
98,80,1
8,81,1
38,81,-1
40,81,-1
53,81,1
72,81,1
78,81,1
91,81,1
4,82,1
23,82,1
26,82,1
37,82,1
39,82,-1
43,82,-1
46,82,1
52,82,1
55,82,1
56,82,1
77,82,-1
84,82,1
97,82,-1
12,83,1
16,83,1
28,83,1
31,83,1
44,83,1
55,83,1
56,83,1
58,83,1
72,83,1
92,83,1
97,83,-1
13,84,1
22,84,1
23,84,1
24,84,1
26,84,1
33,84,1
41,84,-1
44,84,1
52,84,1
55,84,1
58,84,1
97,84,-1
99,84,1
3,85,-1
6,85,1
9,85,-1
10,85,1
16,85,1
22,85,1
33,85,1
35,85,1
42,85,1
51,85,-1
52,85,1
59,85,1
61,85,1
63,85,1
68,85,1
75,85,1
86,85,1
89,85,1
99,85,1
1,86,1
3,86,-1
6,86,1
9,86,-1
13,86,1
15,86,1
25,86,1
33,86,1
35,86,1
42,86,1
68,86,1
69,86,-1
79,86,1
85,86,1
4,87,1
9,87,-1
11,87,1
15,87,1
27,87,-1
29,87,-1
43,87,-1
44,87,1
48,87,1
59,87,1
60,87,1
64,87,1
66,87,1
70,87,1
80,87,1
90,87,1
94,87,1
98,87,1
100,87,1
9,88,-1
16,88,1
17,88,-1
19,88,-1
32,88,1
40,88,-1
42,88,1
59,88,1
68,88,1
86,88,1
93,88,1
2,89,1
7,89,1
10,89,1
14,89,1
16,89,1
25,89,1
28,89,1
51,89,-1
57,89,1
59,89,1
74,89,1
75,89,1
9,90,-1
21,90,1
25,90,1
31,90,1
34,90,1
43,90,-1
47,90,1
52,90,1
60,90,1
64,90,1
66,90,1
85,90,1
87,90,1
88,90,1
98,90,1
100,90,1
2,91,1
8,91,1
48,91,1
51,91,-1
53,91,1
65,91,-1
78,91,1
92,91,1
96,91,1
8,92,1
28,92,1
30,92,1
31,92,1
47,92,1
54,92,1
62,92,1
72,92,1
78,92,1
81,92,1
83,92,1
1,93,1
17,93,-1
19,93,-1
23,93,1
27,93,-1
32,93,1
68,93,1
69,93,-1
79,93,1
80,93,1
88,93,1
98,93,1
4,94,1
8,94,1
9,94,-1
39,94,-1
40,94,-1
43,94,-1
48,94,1
62,94,1
66,94,1
70,94,1
75,94,1
95,94,1
8,95,1
39,95,-1
40,95,-1
60,95,1
62,95,1
97,95,-1
8,96,1
21,96,1
30,96,1
40,96,-1
53,96,1
65,96,-1
74,96,1
75,96,1
81,96,1
92,96,1
18,97,1
38,97,-1
44,97,1
46,97,1
55,97,1
56,97,1
57,97,1
58,97,1
62,97,1
66,97,1
73,97,1
77,97,-1
83,97,1
95,97,1
19,98,-1
27,98,-1
29,98,-1
36,98,1
60,98,1
62,98,1
64,98,1
67,98,1
69,98,-1
79,98,1
80,98,1
87,98,1
90,98,1
18,99,1
24,99,1
34,99,1
41,99,-1
46,99,1
52,99,1
55,99,1
58,99,1
72,99,1
84,99,1
97,99,-1
5,100,1
21,100,1
30,100,1
50,100,1
65,100,-1
76,100,-1
