3,1,1
9,1,1
24,1,1
26,1,-1
63,1,-1
67,1,-1
70,1,-1
75,1,1
82,1,-1
92,1,1
43,2,-1
45,2,-1
47,2,-1
53,2,1
78,2,1
79,2,-1
80,2,1
82,2,-1
92,2,1
99,2,1
4,3,1
18,3,1
34,3,1
37,3,1
38,3,1
44,3,1
47,3,-1
51,3,1
52,3,-1
91,3,1
5,4,-1
37,4,1
39,4,1
84,4,1
98,4,1
4,5,1
12,5,1
13,5,1
26,5,-1
39,5,1
84,5,1
98,5,1
10,6,-1
11,6,1
25,6,1
35,6,1
41,6,1
45,6,-1
63,6,-1
75,6,1
78,6,1
81,6,1
90,6,1
2,7,1
15,7,1
25,7,1
26,7,-1
43,7,-1
47,7,-1
67,7,-1
93,7,1
94,7,1
98,7,1
12,8,1
13,8,1
32,8,1
42,8,1
51,8,1
53,8,1
56,8,1
83,8,1
84,8,1
88,8,1
100,8,1
2,9,1
7,9,1
13,9,1
26,9,-1
36,9,1
42,9,1
62,9,1
67,9,-1
71,9,-1
92,9,1
93,9,1
3,10,1
17,10,1
19,10,-1
24,10,1
52,10,-1
66,10,1
74,10,1
81,10,1
86,10,1
91,10,1
100,10,1
8,11,1
15,11,1
29,11,1
44,11,1
57,11,-1
63,11,-1
66,11,1
72,11,1
81,11,1
83,11,1
14,12,1
32,12,1
34,12,1
39,12,1
44,12,1
47,12,-1
48,12,1
49,12,1
52,12,-1
68,12,1
69,12,1
86,12,1
89,12,1
91,12,1
95,12,1
97,12,1
1,13,1
4,13,1
5,13,-1
8,13,1
19,13,-1
21,13,1
22,13,1
39,13,1
49,13,1
51,13,1
53,13,1
66,13,1
67,13,-1
79,13,-1
80,13,1
83,13,1
84,13,1
91,13,1
100,13,1
10,14,-1
15,14,1
19,14,-1
22,14,1
23,14,1
27,14,-1
44,14,1
46,14,1
53,14,1
69,14,1
79,14,-1
82,14,-1
21,15,1
25,15,1
31,15,-1
35,15,1
64,15,-1
98,15,1
100,15,1
6,16,1
14,16,1
22,16,1
30,16,1
44,16,1
46,16,1
54,16,1
68,16,1
75,16,1
84,16,1
3,17,1
12,17,1
14,17,1
19,17,-1
24,17,1
44,17,1
52,17,-1
57,17,-1
66,17,1
76,17,-1
77,17,-1
82,17,-1
5,18,-1
17,18,1
32,18,1
36,18,1
52,18,-1
63,18,-1
66,18,1
79,18,-1
85,18,1
93,18,1
1,19,1
8,19,1
9,19,1
15,19,1
40,19,1
47,19,-1
56,19,1
83,19,1
85,19,1
88,19,1
90,19,1
98,19,1
12,20,1
43,20,-1
48,20,1
52,20,-1
60,20,-1
69,20,1
74,20,1
82,20,-1
2,21,1
4,21,1
5,21,-1
6,21,1
11,21,1
27,21,-1
45,21,-1
51,21,1
61,21,1
66,21,1
68,21,1
71,21,-1
80,21,1
83,21,1
84,21,1
33,22,1
37,22,1
46,22,1
54,22,1
70,22,-1
76,22,-1
78,22,1
1,23,1
11,23,1
24,23,1
26,23,-1
28,23,1
29,23,1
48,23,1
60,23,-1
69,23,1
76,23,-1
85,23,1
89,23,1
94,23,1
1,24,1
22,24,1
35,24,1
38,24,1
40,24,1
70,24,-1
72,24,1
96,24,1
20,25,1
29,25,1
39,25,1
42,25,1
43,25,-1
56,25,1
73,25,-1
2,26,1
19,26,-1
31,26,-1
47,26,-1
53,26,1
82,26,-1
83,26,1
89,26,1
94,26,1
2,27,1
10,27,-1
15,27,1
16,27,1
17,27,1
19,27,-1
26,27,-1
31,27,-1
33,27,1
37,27,1
46,27,1
50,27,1
57,27,-1
64,27,-1
74,27,1
78,27,1
80,27,1
99,27,1
3,28,1
23,28,1
24,28,1
30,28,1
31,28,-1
38,28,1
39,28,1
40,28,1
45,28,-1
56,28,1
59,28,1
68,28,1
95,28,1
2,29,1
6,29,1
21,29,1
25,29,1
35,29,1
36,29,1
40,29,1
45,29,-1
63,29,-1
90,29,1
93,29,1
3,30,1
10,30,-1
16,30,1
36,30,1
43,30,-1
51,30,1
55,30,1
59,30,1
65,30,-1
68,30,1
72,30,1
75,30,1
77,30,-1
95,30,1
100,30,1
27,31,-1
28,31,1
36,31,1
40,31,1
61,31,1
64,31,-1
65,31,-1
78,31,1
85,31,1
87,31,1
97,31,1
3,32,1
34,32,1
52,32,-1
56,32,1
62,32,1
63,32,-1
66,32,1
77,32,-1
89,32,1
4,33,1
27,33,-1
34,33,1
36,33,1
37,33,1
53,33,1
86,33,1
95,33,1
97,33,1
12,34,1
17,34,1
29,34,1
33,34,1
35,34,1
36,34,1
40,34,1
48,34,1
49,34,1
52,34,-1
58,34,1
65,34,-1
72,34,1
75,34,1
76,34,-1
77,34,-1
80,34,1
91,34,1
98,34,1
6,35,1
15,35,1
38,35,1
40,35,1
46,35,1
63,35,-1
64,35,-1
76,35,-1
77,35,-1
100,35,1
7,36,1
25,36,1
29,36,1
35,36,1
43,36,-1
45,36,-1
50,36,1
67,36,-1
93,36,1
4,37,1
17,37,1
33,37,1
34,37,1
36,37,1
38,37,1
65,37,-1
67,37,-1
98,37,1
8,38,1
16,38,1
23,38,1
30,38,1
53,38,1
56,38,1
58,38,1
59,38,1
76,38,-1
77,38,-1
81,38,1
83,38,1
84,38,1
89,38,1
91,38,1
4,39,1
5,39,-1
8,39,1
15,39,1
31,39,-1
36,39,1
40,39,1
55,39,1
56,39,1
65,39,-1
68,39,1
73,39,-1
74,39,1
8,40,1
15,40,1
36,40,1
65,40,-1
74,40,1
89,40,1
95,40,1
3,41,1
10,41,-1
16,41,1
17,41,1
20,41,1
32,41,1
50,41,1
52,41,-1
58,41,1
61,41,1
66,41,1
90,41,1
11,42,1
13,42,1
19,42,-1
25,42,1
39,42,1
56,42,1
57,42,-1
64,42,-1
72,42,1
73,42,-1
75,42,1
85,42,1
87,42,1
6,43,1
12,43,1
20,43,1
25,43,1
26,43,-1
29,43,1
33,43,1
36,43,1
45,43,-1
50,43,1
60,43,-1
63,43,-1
74,43,1
80,43,1
89,43,1
93,43,1
10,44,-1
23,44,1
45,44,-1
48,44,1
50,44,1
76,44,-1
90,44,1
97,44,1
98,44,1
7,45,1
11,45,1
23,45,1
29,45,1
55,45,1
93,45,1
53,46,1
54,46,1
57,46,-1
64,46,-1
74,46,1
9,47,1
19,47,-1
26,47,-1
45,47,-1
59,47,1
69,47,1
90,47,1
92,47,1
98,47,1
14,48,1
20,48,1
33,48,1
37,48,1
51,48,1
52,48,-1
60,48,-1
72,48,1
82,48,-1
85,48,1
91,48,1
8,49,1
10,49,-1
17,49,1
19,49,-1
33,49,1
34,49,1
40,49,1
48,49,1
56,49,1
72,49,1
80,49,1
81,49,1
97,49,1
100,49,1
5,50,-1
6,50,1
16,50,1
30,50,1
32,50,1
33,50,1
40,50,1
43,50,-1
55,50,1
61,50,1
73,50,-1
74,50,1
75,50,1
90,50,1
93,50,1
97,50,1
99,50,1
11,51,1
22,51,1
23,51,1
44,51,1
45,51,-1
47,51,-1
57,51,-1
66,51,1
78,51,1
83,51,1
84,51,1
85,51,1
1,52,1
17,52,1
18,52,1
41,52,1
42,52,1
55,52,1
69,52,1
72,52,1
73,52,-1
77,52,-1
79,52,-1
82,52,-1
85,52,1
91,52,1
93,52,1
22,53,1
24,53,1
27,53,-1
33,53,1
37,53,1
38,53,1
43,53,-1
54,53,1
62,53,1
64,53,-1
70,53,-1
78,53,1
83,53,1
92,53,1
99,53,1
100,53,1
6,54,1
11,54,1
12,54,1
14,54,1
16,54,1
22,54,1
25,54,1
38,54,1
44,54,1
53,54,1
57,54,-1
66,54,1
67,54,-1
71,54,-1
75,54,1
77,54,-1
78,54,1
81,54,1
99,54,1
3,55,1
4,55,1
14,55,1
15,55,1
16,55,1
23,55,1
25,55,1
28,55,1
36,55,1
44,55,1
68,55,1
73,55,-1
85,55,1
93,55,1
98,55,1
1,56,1
8,56,1
12,56,1
13,56,1
14,56,1
19,56,-1
21,56,1
29,56,1
40,56,1
42,56,1
53,56,1
66,56,1
70,56,-1
72,56,1
83,56,1
87,56,1
88,56,1
91,56,1
10,57,-1
14,57,1
22,57,1
27,57,-1
30,57,1
32,57,1
66,57,1
69,57,1
72,57,1
76,57,-1
80,57,1
85,57,1
3,58,1
5,58,-1
26,58,-1
34,58,1
36,58,1
49,58,1
52,58,-1
56,58,1
69,58,1
72,58,1
86,58,1
91,58,1
94,58,1
1,59,1
8,59,1
9,59,1
12,59,1
19,59,-1
21,59,1
23,59,1
51,59,1
56,59,1
61,59,1
68,59,1
90,59,1
96,59,1
1,60,1
6,60,1
17,60,1
25,60,1
46,60,1
48,60,1
50,60,1
61,60,1
62,60,1
71,60,-1
82,60,-1
91,60,1
94,60,1
11,61,1
16,61,1
21,61,1
33,61,1
47,61,-1
48,61,1
72,61,1
75,61,1
83,61,1
84,61,1
86,61,1
87,61,1
88,61,1
92,61,1
97,61,1
1,62,1
17,62,1
27,62,-1
60,62,-1
71,62,-1
79,62,-1
82,62,-1
92,62,1
94,62,1
1,63,1
3,63,1
25,63,1
32,63,1
35,63,1
41,63,1
47,63,-1
66,63,1
72,63,1
75,63,1
77,63,-1
85,63,1
90,63,1
6,64,1
11,64,1
15,64,1
36,64,1
37,64,1
65,64,-1
68,64,1
72,64,1
76,64,-1
87,64,1
3,65,1
29,65,1
30,65,1
35,65,1
36,65,1
48,65,1
49,65,1
63,65,-1
68,65,1
72,65,1
77,65,-1
89,65,1
95,65,1
3,66,1
5,66,-1
8,66,1
18,66,1
28,66,1
32,66,1
41,66,1
42,66,1
52,66,-1
53,66,1
63,66,-1
69,66,1
16,67,1
27,67,-1
30,67,1
33,67,1
63,67,-1
75,67,1
94,67,1
4,68,1
5,68,-1
13,68,1
15,68,1
30,68,1
39,68,1
40,68,1
53,68,1
54,68,1
56,68,1
73,68,-1
85,68,1
87,68,1
100,68,1
10,69,-1
12,69,1
17,69,1
19,69,-1
26,69,-1
30,69,1
47,69,-1
48,69,1
54,69,1
57,69,-1
59,69,1
74,69,1
81,69,1
82,69,-1
86,69,1
91,69,1
95,69,1
1,70,1
19,70,-1
24,70,1
25,70,1
28,70,1
40,70,1
47,70,-1
54,70,1
63,70,-1
72,70,1
81,70,1
89,70,1
90,70,1
96,70,1
2,71,1
9,71,1
30,71,1
37,71,1
45,71,-1
53,71,1
61,71,1
62,71,1
67,71,-1
76,71,-1
78,71,1
79,71,-1
82,71,-1
93,71,1
94,71,1
32,72,1
42,72,1
48,72,1
49,72,1
65,72,-1
77,72,-1
91,72,1
7,73,1
15,73,1
18,73,1
25,73,1
36,73,1
40,73,1
45,73,-1
82,73,-1
85,73,1
93,73,1
15,74,1
16,74,1
27,74,-1
35,74,1
36,74,1
43,74,-1
50,74,1
53,74,1
54,74,1
57,74,-1
60,74,-1
75,74,1
76,74,-1
80,74,1
91,74,1
97,74,1
99,74,1
13,75,1
16,75,1
32,75,1
46,75,1
51,75,1
53,75,1
63,75,-1
67,75,-1
77,75,-1
92,75,1
6,76,1
10,76,-1
16,76,1
28,76,1
29,76,1
31,76,-1
46,76,1
49,76,1
51,76,1
83,76,1
3,77,1
41,77,1
49,77,1
63,77,-1
66,77,1
70,77,-1
84,77,1
5,78,-1
7,78,1
15,78,1
16,78,1
21,78,1
26,78,-1
45,78,-1
83,78,1
89,78,1
93,78,1
96,78,1
99,78,1
1,79,1
5,79,-1
9,79,1
17,79,1
18,79,1
19,79,-1
27,79,-1
48,79,1
52,79,-1
53,79,1
60,79,-1
62,79,1
69,79,1
71,79,-1
87,79,1
91,79,1
93,79,1
95,79,1
5,80,-1
27,80,-1
33,80,1
57,80,-1
61,80,1
65,80,-1
72,80,1
77,80,-1
78,80,1
84,80,1
89,80,1
99,80,1
10,81,-1
24,81,1
35,81,1
50,81,1
60,81,-1
66,81,1
71,81,-1
74,81,1
76,81,-1
91,81,1
96,81,1
7,82,1
12,82,1
19,82,-1
22,82,1
26,82,-1
53,82,1
60,82,-1
78,82,1
84,82,1
22,83,1
45,83,-1
46,83,1
51,83,1
56,83,1
66,83,1
84,83,1
88,83,1
5,84,-1
12,84,1
21,84,1
22,84,1
29,84,1
49,84,1
50,84,1
56,84,1
61,84,1
75,84,1
83,84,1
11,85,1
28,85,1
52,85,-1
54,85,1
66,85,1
71,85,-1
73,85,-1
75,85,1
80,85,1
83,85,1
88,85,1
27,86,-1
47,86,-1
50,86,1
61,86,1
79,86,-1
87,86,1
97,86,1
4,87,1
5,87,-1
6,87,1
15,87,1
25,87,1
39,87,1
46,87,1
52,87,-1
54,87,1
56,87,1
63,87,-1
64,87,-1
68,87,1
77,87,-1
88,87,1
91,87,1
97,87,1
99,87,1
100,87,1
5,88,-1
12,88,1
13,88,1
19,88,-1
21,88,1
28,88,1
39,88,1
40,88,1
71,88,-1
81,88,1
84,88,1
98,88,1
1,89,1
3,89,1
4,89,1
5,89,-1
20,89,1
27,89,-1
28,89,1
30,89,1
31,89,-1
43,89,-1
53,89,1
62,89,1
1,90,1
23,90,1
24,90,1
35,90,1
40,90,1
45,90,-1
59,90,1
76,90,-1
77,90,-1
81,90,1
89,90,1
96,90,1
3,91,1
8,91,1
10,91,-1
17,91,1
18,91,1
36,91,1
42,91,1
43,91,-1
57,91,-1
66,91,1
74,91,1
76,91,-1
95,91,1
1,92,1
9,92,1
13,92,1
24,92,1
26,92,-1
59,92,1
61,92,1
68,92,1
71,92,-1
84,92,1
86,92,1
94,92,1
97,92,1
23,93,1
29,93,1
44,93,1
45,93,-1
52,93,-1
71,93,-1
90,93,1
92,93,1
98,93,1
99,93,1
1,94,1
9,94,1
26,94,-1
38,94,1
47,94,-1
59,94,1
69,94,1
71,94,-1
77,94,-1
79,94,-1
89,94,1
92,94,1
93,94,1
99,94,1
20,95,1
27,95,-1
31,95,-1
33,95,1
34,95,1
36,95,1
43,95,-1
48,95,1
72,95,1
74,95,1
75,95,1
89,95,1
98,95,1
1,96,1
22,96,1
24,96,1
26,96,-1
28,96,1
38,96,1
51,96,1
70,96,-1
82,96,-1
83,96,1
84,96,1
90,96,1
10,97,-1
34,97,1
49,97,1
61,97,1
80,97,1
84,97,1
86,97,1
91,97,1
95,97,1
2,98,1
3,98,1
25,98,1
28,98,1
33,98,1
36,98,1
45,98,-1
51,98,1
55,98,1
73,98,-1
76,98,-1
78,98,1
80,98,1
85,98,1
100,98,1
2,99,1
5,99,-1
21,99,1
35,99,1
46,99,1
79,99,-1
24,100,1
33,100,1
37,100,1
38,100,1
40,100,1
46,100,1
53,100,1
64,100,-1
80,100,1
88,100,1
97,100,1
