5,1,1
9,1,1
11,1,1
12,1,-1
13,1,1
14,1,-1
15,1,1
17,1,-1
32,1,1
43,1,1
56,1,1
65,1,1
73,1,1
81,1,1
93,1,1
94,1,1
97,1,1
99,1,1
4,2,1
5,2,1
9,2,1
28,2,-1
39,2,-1
50,2,-1
84,2,1
85,2,1
86,2,1
7,3,1
18,3,1
20,3,1
22,3,-1
26,3,1
32,3,1
34,3,1
40,3,1
45,3,1
46,3,-1
69,3,-1
77,3,1
83,3,1
92,3,1
96,3,1
2,4,-1
10,4,1
13,4,1
26,4,1
27,4,1
31,4,-1
46,4,-1
54,4,1
82,4,1
89,4,1
94,4,1
1,5,1
4,5,1
13,5,1
14,5,-1
21,5,1
28,5,-1
32,5,1
44,5,1
57,5,-1
71,5,-1
77,5,1
80,5,1
87,5,1
88,5,1
92,5,1
21,6,1
23,6,1
27,6,1
42,6,1
62,6,-1
63,6,1
71,6,-1
80,6,1
86,6,1
100,6,1
3,7,1
22,7,-1
57,7,-1
69,7,-1
71,7,-1
87,7,1
96,7,1
5,8,1
11,8,1
21,8,1
24,8,-1
28,8,-1
41,8,1
44,8,1
48,8,-1
50,8,-1
53,8,1
64,8,1
65,8,1
70,8,1
73,8,1
76,8,-1
1,9,1
17,9,-1
19,9,1
20,9,1
21,9,1
32,9,1
38,9,-1
51,9,1
56,9,1
80,9,1
84,9,1
95,9,1
3,10,1
13,10,1
27,10,1
35,10,1
42,10,1
49,10,-1
54,10,1
82,10,1
92,10,1
95,10,1
5,11,1
6,11,1
14,11,-1
15,11,1
21,11,1
24,11,-1
27,11,1
42,11,1
62,11,-1
65,11,1
84,11,1
88,11,1
97,11,1
21,12,1
43,12,1
60,12,1
65,12,1
68,12,-1
73,12,1
77,12,1
79,12,1
80,12,1
88,12,1
93,12,1
99,12,1
3,13,1
4,13,1
27,13,1
42,13,1
47,13,-1
58,13,1
62,13,-1
78,13,1
80,13,1
82,13,1
3,14,1
4,14,1
5,14,1
6,14,1
7,14,1
31,14,-1
34,14,1
40,14,1
47,14,-1
60,14,1
65,14,1
71,14,-1
77,14,1
79,14,1
81,14,1
86,14,1
87,14,1
88,14,1
93,14,1
94,14,1
6,15,1
9,15,1
11,15,1
12,15,-1
21,15,1
26,15,1
42,15,1
56,15,1
65,15,1
68,15,-1
88,15,1
90,15,1
93,15,1
99,15,1
6,16,1
14,16,-1
28,16,-1
31,16,-1
34,16,1
47,16,-1
58,16,1
71,16,-1
87,16,1
100,16,1
2,17,-1
4,17,1
9,17,1
13,17,1
19,17,1
23,17,1
33,17,1
48,17,-1
56,17,1
59,17,1
65,17,1
73,17,1
93,17,1
94,17,1
100,17,1
2,18,-1
5,18,1
20,18,1
32,18,1
37,18,1
45,18,1
58,18,1
61,18,-1
72,18,-1
74,18,1
78,18,1
86,18,1
17,19,-1
25,19,-1
29,19,1
32,19,1
48,19,-1
56,19,1
59,19,1
65,19,1
78,19,1
90,19,1
3,20,1
7,20,1
19,20,1
25,20,-1
32,20,1
37,20,1
38,20,-1
40,20,1
44,20,1
45,20,1
52,20,1
56,20,1
64,20,1
84,20,1
86,20,1
94,20,1
1,21,1
12,21,-1
15,21,1
26,21,1
43,21,1
44,21,1
48,21,-1
65,21,1
77,21,1
80,21,1
34,22,1
45,22,1
46,22,-1
51,22,1
57,22,-1
69,22,-1
74,22,1
75,22,-1
83,22,1
85,22,1
96,22,1
2,23,-1
17,23,-1
19,23,1
22,23,-1
29,23,1
31,23,-1
39,23,-1
41,23,1
46,23,-1
51,23,1
59,23,1
68,23,-1
71,23,-1
75,23,-1
86,23,1
90,23,1
6,24,1
16,24,-1
27,24,1
30,24,1
31,24,-1
35,24,1
42,24,1
47,24,-1
58,24,1
60,24,1
62,24,-1
80,24,1
84,24,1
86,24,1
94,24,1
100,24,1
8,25,1
20,25,1
41,25,1
43,25,1
44,25,1
55,25,1
56,25,1
64,25,1
66,25,1
79,25,1
81,25,1
86,25,1
10,26,1
12,26,-1
13,26,1
20,26,1
27,26,1
42,26,1
43,26,1
82,26,1
97,26,1
4,27,1
6,27,1
8,27,1
11,27,1
13,27,1
24,27,-1
35,27,1
42,27,1
65,27,1
80,27,1
82,27,1
84,27,1
88,27,1
97,27,1
2,28,-1
6,28,1
34,28,1
36,28,1
39,28,-1
50,28,-1
58,28,1
75,28,-1
76,28,-1
87,28,1
100,28,1
2,29,-1
9,29,1
18,29,1
25,29,-1
33,29,1
48,29,-1
50,29,-1
56,29,1
59,29,1
85,29,1
18,30,1
35,30,1
41,30,1
47,30,-1
54,30,1
68,30,-1
72,30,-1
82,30,1
94,30,1
4,31,1
6,31,1
16,31,-1
17,31,-1
22,31,-1
23,31,1
24,31,-1
27,31,1
33,31,1
40,31,1
41,31,1
47,31,-1
54,31,1
59,31,1
71,31,-1
75,31,-1
83,31,1
96,31,1
100,31,1
1,32,1
3,32,1
9,32,1
20,32,1
38,32,-1
45,32,1
65,32,1
72,32,-1
77,32,1
92,32,1
96,32,1
4,33,1
9,33,1
15,33,1
17,33,-1
19,33,1
23,33,1
35,33,1
54,33,1
56,33,1
59,33,1
68,33,-1
89,33,1
90,33,1
94,33,1
98,33,1
7,34,1
10,34,1
14,34,-1
40,34,1
45,34,1
50,34,-1
51,34,1
57,34,-1
69,34,-1
87,34,1
18,35,1
24,35,-1
30,35,1
37,35,1
41,35,1
47,35,-1
54,35,1
60,35,1
65,35,1
66,35,1
76,35,-1
80,35,1
82,35,1
84,35,1
94,35,1
3,36,1
6,36,1
18,36,1
32,36,1
38,36,-1
52,36,1
55,36,1
64,36,1
65,36,1
67,36,1
70,36,1
74,36,1
76,36,-1
78,36,1
5,37,1
18,37,1
30,37,1
32,37,1
35,37,1
36,37,1
47,37,-1
54,37,1
65,37,1
72,37,-1
93,37,1
94,37,1
17,38,-1
45,38,1
55,38,1
67,38,1
72,38,-1
98,38,1
2,39,-1
23,39,1
29,39,1
34,39,1
35,39,1
41,39,1
48,39,-1
63,39,1
71,39,-1
85,39,1
86,39,1
94,39,1
3,40,1
7,40,1
22,40,-1
32,40,1
34,40,1
96,40,1
23,41,1
24,41,-1
33,41,1
60,41,1
63,41,1
68,41,-1
89,41,1
4,42,1
11,42,1
13,42,1
15,42,1
26,42,1
27,42,1
80,42,1
88,42,1
89,42,1
8,43,1
10,43,1
12,43,-1
17,43,-1
20,43,1
21,43,1
44,43,1
73,43,1
84,43,1
92,43,1
93,43,1
97,43,1
99,43,1
5,44,1
8,44,1
25,44,-1
38,44,-1
52,44,1
53,44,1
55,44,1
66,44,1
73,44,1
79,44,1
81,44,1
3,45,1
9,45,1
10,45,1
20,45,1
32,45,1
34,45,1
40,45,1
51,45,1
86,45,1
96,45,1
2,46,-1
10,46,1
18,46,1
22,46,-1
49,46,-1
51,46,1
54,46,1
61,46,-1
73,46,1
74,46,1
83,46,1
91,46,1
4,47,1
24,47,-1
27,47,1
30,47,1
33,47,1
35,47,1
41,47,1
62,47,-1
66,47,1
72,47,-1
80,47,1
82,47,1
89,47,1
94,47,1
5,48,1
19,48,1
53,48,1
54,48,1
84,48,1
85,48,1
4,49,1
22,49,-1
27,49,1
45,49,1
46,49,-1
51,49,1
54,49,1
61,49,-1
83,49,1
91,49,1
95,49,1
96,49,1
7,50,1
22,50,-1
23,50,1
28,50,-1
41,50,1
53,50,1
54,50,1
57,50,-1
58,50,1
60,50,1
63,50,1
74,50,1
76,50,-1
85,50,1
87,50,1
96,50,1
3,51,1
10,51,1
46,51,-1
50,51,-1
54,51,1
57,51,-1
69,51,-1
75,51,-1
81,51,1
83,51,1
96,51,1
32,52,1
36,52,1
38,52,-1
55,52,1
64,52,1
67,52,1
70,52,1
74,52,1
78,52,1
79,52,1
81,52,1
89,52,1
8,53,1
19,53,1
25,53,-1
29,53,1
36,53,1
39,53,-1
48,53,-1
52,53,1
55,53,1
56,53,1
63,53,1
66,53,1
67,53,1
74,53,1
76,53,-1
81,53,1
85,53,1
10,54,1
22,54,-1
35,54,1
46,54,-1
49,54,-1
51,54,1
61,54,-1
75,54,-1
82,54,1
85,54,1
91,54,1
95,54,1
19,55,1
36,55,1
38,55,-1
44,55,1
52,55,1
64,55,1
66,55,1
67,55,1
70,55,1
74,55,1
78,55,1
81,55,1
86,55,1
90,55,1
9,56,1
15,56,1
19,56,1
20,56,1
25,56,-1
44,56,1
66,56,1
67,56,1
68,56,-1
73,56,1
79,56,1
81,56,1
88,56,1
90,56,1
3,57,1
20,57,1
40,57,1
46,57,-1
50,57,-1
51,57,1
75,57,-1
76,57,-1
85,57,1
87,57,1
91,57,1
96,57,1
2,58,-1
6,58,1
8,58,1
14,58,-1
28,58,-1
34,58,1
35,58,1
39,58,-1
50,58,-1
63,58,1
69,58,-1
76,58,-1
78,58,1
80,58,1
87,58,1
19,59,1
23,59,1
31,59,-1
41,59,1
48,59,-1
54,59,1
56,59,1
73,59,1
75,59,-1
86,59,1
5,60,1
77,60,1
89,60,1
92,60,1
93,60,1
99,60,1
10,61,1
18,61,1
27,61,1
30,61,1
37,61,1
46,61,-1
49,61,-1
54,61,1
68,61,-1
72,61,-1
74,61,1
82,61,1
90,61,1
91,61,1
98,61,1
6,62,1
11,62,1
14,62,-1
16,62,-1
24,62,-1
27,62,1
28,62,-1
31,62,-1
39,62,-1
41,62,1
42,62,1
47,62,-1
64,62,1
76,62,-1
79,62,1
80,62,1
89,62,1
94,62,1
100,62,1
2,63,-1
6,63,1
16,63,-1
23,63,1
28,63,-1
29,63,1
39,63,-1
49,63,-1
50,63,-1
59,63,1
75,63,-1
85,63,1
86,63,1
95,63,1
17,64,-1
38,64,-1
52,64,1
55,64,1
67,64,1
70,64,1
74,64,1
79,64,1
97,64,1
1,65,1
9,65,1
12,65,-1
15,65,1
21,65,1
26,65,1
43,65,1
56,65,1
64,65,1
72,65,-1
73,65,1
80,65,1
82,65,1
84,65,1
88,65,1
93,65,1
97,65,1
99,65,1
32,66,1
36,66,1
38,66,-1
44,66,1
52,66,1
55,66,1
64,66,1
67,66,1
68,66,-1
78,66,1
79,66,1
81,66,1
89,66,1
48,67,-1
70,67,1
74,67,1
78,67,1
81,67,1
15,68,1
17,68,-1
21,68,1
30,68,1
38,68,-1
47,68,-1
61,68,-1
65,68,1
72,68,-1
78,68,1
90,68,1
93,68,1
98,68,1
3,69,1
7,69,1
22,69,-1
23,69,1
28,69,-1
40,69,1
46,69,-1
51,69,1
57,69,-1
75,69,-1
76,69,-1
83,69,1
93,69,1
96,69,1
25,70,-1
38,70,-1
52,70,1
53,70,1
55,70,1
64,70,1
67,70,1
74,70,1
79,70,1
81,70,1
2,71,-1
6,71,1
23,71,1
28,71,-1
31,71,-1
39,71,-1
41,71,1
59,71,1
62,71,-1
63,71,1
69,71,-1
75,71,-1
76,71,-1
86,71,1
87,71,1
96,71,1
18,72,1
30,72,1
36,72,1
37,72,1
47,72,-1
61,72,-1
68,72,-1
70,72,1
84,72,1
90,72,1
95,72,1
1,73,1
8,73,1
9,73,1
12,73,-1
17,73,-1
19,73,1
25,73,-1
36,73,1
44,73,1
64,73,1
79,73,1
84,73,1
93,73,1
95,73,1
97,73,1
36,74,1
37,74,1
50,74,-1
55,74,1
62,74,-1
64,74,1
67,74,1
70,74,1
81,74,1
90,74,1
98,74,1
23,75,1
31,75,-1
41,75,1
51,75,1
57,75,-1
63,75,1
83,75,1
95,75,1
96,75,1
2,76,-1
6,76,1
28,76,-1
36,76,1
50,76,-1
57,76,-1
66,76,1
67,76,1
69,76,-1
77,76,1
87,76,1
92,76,1
93,76,1
96,76,1
3,77,1
5,77,1
6,77,1
36,77,1
92,77,1
93,77,1
38,78,-1
55,78,1
63,78,1
66,78,1
67,78,1
70,78,1
79,78,1
98,78,1
8,79,1
41,79,1
55,79,1
60,79,1
64,79,1
66,79,1
70,79,1
81,79,1
89,79,1
90,79,1
93,79,1
95,79,1
13,80,1
26,80,1
27,80,1
31,80,-1
82,80,1
84,80,1
94,80,1
8,81,1
20,81,1
25,81,-1
38,81,-1
44,81,1
52,81,1
53,81,1
55,81,1
64,81,1
65,81,1
67,81,1
70,81,1
79,81,1
86,81,1
98,81,1
26,82,1
27,82,1
29,82,1
49,82,-1
54,82,1
72,82,-1
80,82,1
95,82,1
7,83,1
22,83,-1
23,83,1
41,83,1
51,83,1
54,83,1
57,83,-1
69,83,-1
75,83,-1
96,83,1
8,84,1
9,84,1
17,84,-1
21,84,1
27,84,1
28,84,-1
42,84,1
47,84,-1
59,84,1
61,84,-1
73,84,1
76,84,-1
80,84,1
82,84,1
93,84,1
95,84,1
2,85,-1
5,85,1
18,85,1
21,85,1
23,85,1
28,85,-1
29,85,1
34,85,1
39,85,-1
48,85,-1
50,85,-1
51,85,1
53,85,1
57,85,-1
63,85,1
69,85,-1
76,85,-1
84,85,1
5,86,1
20,86,1
25,86,-1
32,86,1
39,86,-1
41,86,1
44,86,1
45,86,1
56,86,1
63,86,1
75,86,-1
76,86,-1
77,86,1
79,86,1
94,86,1
2,87,-1
6,87,1
28,87,-1
34,87,1
39,87,-1
58,87,1
63,87,1
69,87,-1
1,88,1
11,88,1
21,88,1
26,88,1
42,88,1
43,88,1
65,88,1
77,88,1
97,88,1
4,89,1
14,89,-1
24,89,-1
27,89,1
41,89,1
52,89,1
59,89,1
60,89,1
66,89,1
67,89,1
78,89,1
79,89,1
94,89,1
17,90,-1
18,90,1
29,90,1
30,90,1
33,90,1
56,90,1
59,90,1
68,90,-1
70,90,1
72,90,-1
94,90,1
98,90,1
10,91,1
23,91,1
49,91,-1
54,91,1
63,91,1
75,91,-1
95,91,1
5,92,1
7,92,1
13,92,1
20,92,1
21,92,1
33,92,1
36,92,1
37,92,1
57,92,-1
76,92,-1
77,92,1
93,92,1
99,92,1
1,93,1
5,93,1
12,93,-1
21,93,1
56,93,1
60,93,1
65,93,1
99,93,1
23,94,1
33,94,1
35,94,1
39,94,-1
41,94,1
47,94,-1
60,94,1
68,94,-1
72,94,-1
79,94,1
93,94,1
4,95,1
10,95,1
31,95,-1
51,95,1
54,95,1
61,95,-1
73,95,1
78,95,1
82,95,1
91,95,1
97,95,1
3,96,1
7,96,1
20,96,1
32,96,1
40,96,1
46,96,-1
57,96,-1
79,96,1
90,96,1
95,96,1
1,97,1
8,97,1
12,97,-1
15,97,1
21,97,1
26,97,1
43,97,1
65,97,1
82,97,1
88,97,1
99,97,1
7,98,1
36,98,1
50,98,-1
55,98,1
57,98,-1
61,98,-1
64,98,1
66,98,1
67,98,1
70,98,1
72,98,-1
79,98,1
91,98,1
94,98,1
96,98,1
3,99,1
12,99,-1
17,99,-1
21,99,1
43,99,1
65,99,1
68,99,-1
72,99,-1
77,99,1
93,99,1
97,99,1
16,100,-1
23,100,1
24,100,-1
31,100,-1
63,100,1
71,100,-1
