16,1,1
20,1,-1
24,1,1
25,1,-1
27,1,1
28,1,1
44,1,-1
62,1,1
71,1,1
85,1,1
87,1,1
89,1,1
99,1,1
17,2,1
45,2,1
46,2,1
53,2,1
58,2,1
66,2,1
73,2,-1
77,2,1
96,2,1
5,3,1
10,3,1
16,3,1
28,3,1
35,3,1
36,3,1
55,3,1
64,3,1
66,3,1
72,3,-1
76,3,1
91,3,1
1,4,1
6,4,1
7,4,1
20,4,-1
23,4,1
24,4,1
26,4,1
29,4,1
44,4,-1
62,4,1
67,4,1
71,4,1
80,4,1
82,4,1
87,4,1
89,4,1
90,4,1
100,4,-1
7,5,1
8,5,1
17,5,1
18,5,-1
28,5,1
43,5,1
47,5,1
53,5,1
56,5,-1
59,5,-1
64,5,1
79,5,1
83,5,1
91,5,1
4,6,1
7,6,1
18,6,-1
23,6,1
26,6,1
29,6,1
32,6,1
50,6,-1
62,6,1
67,6,1
71,6,1
79,6,1
80,6,1
82,6,1
100,6,-1
4,7,1
6,7,1
12,7,1
18,7,-1
23,7,1
26,7,1
29,7,1
42,7,1
57,7,1
59,7,-1
62,7,1
67,7,1
71,7,1
80,7,1
82,7,1
100,7,-1
5,8,1
12,8,1
18,8,-1
21,8,-1
26,8,1
31,8,1
34,8,1
42,8,1
43,8,1
47,8,1
57,8,1
59,8,-1
64,8,1
71,8,1
83,8,1
91,8,1
98,8,1
3,9,1
22,9,1
28,9,1
35,9,1
36,9,1
39,9,-1
60,9,1
72,9,-1
76,9,1
3,10,1
9,10,1
11,10,1
16,10,1
21,10,-1
22,10,1
28,10,1
35,10,1
36,10,1
39,10,-1
40,10,-1
55,10,1
72,10,-1
74,10,1
75,10,1
76,10,1
91,10,1
21,11,-1
22,11,1
49,11,1
50,11,-1
54,11,1
56,11,-1
70,11,1
72,11,-1
74,11,1
75,11,1
86,11,1
95,11,1
5,12,1
8,12,1
18,12,-1
21,12,-1
26,12,1
27,12,1
37,12,-1
42,12,1
47,12,1
52,12,-1
55,12,1
56,12,-1
57,12,1
61,12,1
83,12,1
85,12,1
91,12,1
98,12,1
100,12,-1
30,13,1
31,13,1
32,13,1
38,13,1
48,13,1
60,13,1
63,13,1
68,13,1
69,13,1
78,13,1
79,13,1
81,13,1
88,13,1
93,13,1
97,13,1
19,14,1
27,14,1
33,14,1
38,14,1
40,14,-1
41,14,1
52,14,-1
59,14,-1
65,14,-1
66,14,1
69,14,1
74,14,1
92,14,1
93,14,1
94,14,1
2,15,1
14,15,1
33,15,1
40,15,-1
53,15,1
58,15,1
60,15,1
68,15,1
69,15,1
77,15,1
79,15,1
96,15,1
3,16,1
9,16,1
28,16,1
35,16,1
36,16,1
55,16,1
76,16,1
89,16,1
99,16,1
2,17,1
33,17,1
37,17,-1
45,17,1
46,17,1
53,17,1
58,17,1
65,17,-1
66,17,1
73,17,-1
77,17,1
84,17,-1
94,17,1
7,18,1
8,18,1
12,18,1
26,18,1
42,18,1
47,18,1
57,18,1
83,18,1
100,18,-1
17,19,1
27,19,1
33,19,1
41,19,1
65,19,-1
77,19,1
84,19,-1
94,19,1
1,20,1
7,20,1
24,20,1
25,20,-1
27,20,1
44,20,-1
55,20,1
62,20,1
85,20,1
87,20,1
89,20,1
90,20,1
99,20,1
22,21,1
50,21,-1
51,21,1
54,21,1
56,21,-1
72,21,-1
75,21,1
90,21,1
3,22,1
9,22,1
10,22,1
11,22,1
16,22,1
21,22,-1
28,22,1
36,22,1
39,22,-1
50,22,-1
55,22,1
72,22,-1
75,22,1
76,22,1
90,22,1
4,23,1
6,23,1
29,23,1
34,23,1
56,23,-1
62,23,1
67,23,1
71,23,1
72,23,-1
80,23,1
82,23,1
100,23,-1
1,24,1
16,24,1
25,24,-1
27,24,1
44,24,-1
48,24,1
55,24,1
62,24,1
85,24,1
87,24,1
99,24,1
1,25,1
20,25,-1
24,25,1
27,25,1
55,25,1
85,25,1
87,25,1
89,25,1
99,25,1
7,26,1
8,26,1
12,26,1
18,26,-1
21,26,-1
29,26,1
42,26,1
47,26,1
52,26,-1
57,26,1
67,26,1
71,26,1
80,26,1
82,26,1
83,26,1
98,26,1
100,26,-1
12,27,1
20,27,-1
24,27,1
25,27,-1
37,27,-1
52,27,-1
66,27,1
72,27,-1
86,27,1
94,27,1
3,28,1
9,28,1
10,28,1
16,28,1
21,28,-1
22,28,1
35,28,1
36,28,1
37,28,-1
39,28,-1
42,28,1
55,28,1
66,28,1
72,28,-1
74,28,1
76,28,1
94,28,1
1,29,1
4,29,1
6,29,1
7,29,1
26,29,1
42,29,1
67,29,1
71,29,1
80,29,1
82,29,1
87,29,1
100,29,-1
5,30,1
13,30,1
32,30,1
38,30,1
48,30,1
59,30,-1
60,30,1
63,30,1
64,30,1
68,30,1
69,30,1
78,30,1
79,30,1
81,30,1
88,30,1
92,30,1
93,30,1
97,30,1
32,31,1
34,31,1
43,31,1
59,31,-1
60,31,1
64,31,1
78,31,1
79,31,1
93,31,1
5,32,1
31,32,1
34,32,1
38,32,1
43,32,1
50,32,-1
59,32,-1
60,32,1
64,32,1
71,32,1
79,32,1
93,32,1
2,33,1
17,33,1
19,33,1
31,33,1
41,33,1
45,33,1
46,33,1
53,33,1
58,33,1
65,33,-1
66,33,1
73,33,-1
77,33,1
84,33,-1
94,33,1
8,34,1
15,34,1
31,34,1
32,34,1
43,34,1
59,34,-1
64,34,1
71,34,1
86,34,1
93,34,1
3,35,1
9,35,1
10,35,1
16,35,1
28,35,1
36,35,1
72,35,-1
76,35,1
3,36,1
9,36,1
10,36,1
16,36,1
22,36,1
28,36,1
35,36,1
39,36,-1
55,36,1
72,36,-1
76,36,1
99,36,1
27,37,1
39,37,-1
42,37,1
44,37,-1
52,37,-1
53,37,1
66,37,1
70,37,1
74,37,1
86,37,1
5,38,1
13,38,1
30,38,1
31,38,1
32,38,1
48,38,1
60,38,1
61,38,1
63,38,1
68,38,1
69,38,1
78,38,1
79,38,1
88,38,1
92,38,1
93,38,1
97,38,1
3,39,1
9,39,1
10,39,1
16,39,1
22,39,1
27,39,1
28,39,1
35,39,1
36,39,1
72,39,-1
74,39,1
75,39,1
76,39,1
99,39,1
2,40,1
15,40,1
27,40,1
33,40,1
36,40,1
60,40,1
65,40,-1
68,40,1
69,40,1
72,40,-1
73,40,-1
77,40,1
79,40,1
88,40,1
91,40,1
94,40,1
96,40,1
14,41,1
17,41,1
19,41,1
33,41,1
52,41,-1
65,41,-1
66,41,1
84,41,-1
94,41,1
7,42,1
12,42,1
18,42,-1
21,42,-1
51,42,1
52,42,-1
56,42,-1
57,42,1
61,42,1
66,42,1
80,42,1
82,42,1
83,42,1
98,42,1
100,42,-1
5,43,1
8,43,1
31,43,1
32,43,1
34,43,1
59,43,-1
64,43,1
71,43,1
79,43,1
93,43,1
1,44,1
20,44,-1
24,44,1
25,44,-1
50,44,-1
55,44,1
87,44,1
89,44,1
90,44,1
99,44,1
2,45,1
17,45,1
73,45,-1
96,45,1
2,46,1
14,46,1
15,46,1
17,46,1
19,46,1
33,46,1
45,46,1
53,46,1
58,46,1
65,46,-1
73,46,-1
77,46,1
84,46,-1
94,46,1
96,46,1
5,47,1
8,47,1
12,47,1
18,47,-1
42,47,1
48,47,1
49,47,1
56,47,-1
57,47,1
59,47,-1
72,47,-1
91,47,1
93,47,1
98,47,1
1,48,1
13,48,1
16,48,1
21,48,-1
24,48,1
25,48,-1
30,48,1
59,48,-1
60,48,1
63,48,1
68,48,1
69,48,1
81,48,1
88,48,1
92,48,1
93,48,1
97,48,1
11,49,1
21,49,-1
50,49,-1
51,49,1
54,49,1
56,49,-1
61,49,1
66,49,1
74,49,1
86,49,1
95,49,1
98,49,1
11,50,1
21,50,-1
24,50,1
54,50,1
75,50,1
90,50,1
95,50,1
21,51,-1
49,51,1
52,51,-1
56,51,-1
61,51,1
74,51,1
75,51,1
95,51,1
97,51,1
98,51,1
14,52,1
27,52,1
37,52,-1
41,52,1
51,52,1
53,52,1
66,52,1
70,52,1
74,52,1
83,52,1
86,52,1
2,53,1
14,53,1
17,53,1
19,53,1
27,53,1
33,53,1
40,53,-1
41,53,1
45,53,1
46,53,1
52,53,-1
58,53,1
65,53,-1
66,53,1
70,53,1
74,53,1
77,53,1
85,53,1
86,53,1
94,53,1
96,53,1
11,54,1
21,54,-1
22,54,1
49,54,1
50,54,-1
51,54,1
56,54,-1
61,54,1
62,54,1
75,54,1
86,54,1
90,54,1
95,54,1
1,55,1
9,55,1
10,55,1
16,55,1
18,55,-1
22,55,1
24,55,1
25,55,-1
27,55,1
28,55,1
39,55,-1
44,55,-1
50,55,-1
72,55,-1
76,55,1
89,55,1
90,55,1
11,56,1
21,56,-1
49,56,1
50,56,-1
51,56,1
54,56,1
75,56,1
95,56,1
98,56,1
5,57,1
7,57,1
8,57,1
12,57,1
18,57,-1
26,57,1
42,57,1
47,57,1
58,57,1
83,57,1
98,57,1
2,58,1
15,58,1
17,58,1
33,58,1
40,58,-1
45,58,1
60,58,1
73,58,-1
77,58,1
92,58,1
96,58,1
8,59,1
31,59,1
32,59,1
34,59,1
64,59,1
68,59,1
78,59,1
79,59,1
93,59,1
13,60,1
15,60,1
30,60,1
48,60,1
58,60,1
59,60,-1
68,60,1
69,60,1
78,60,1
79,60,1
81,60,1
88,60,1
93,60,1
16,61,1
21,61,-1
37,61,-1
49,61,1
51,61,1
52,61,-1
56,61,-1
57,61,1
73,61,-1
95,61,1
98,61,1
1,62,1
4,62,1
23,62,1
25,62,-1
29,62,1
44,62,-1
67,62,1
80,62,1
82,62,1
89,62,1
100,62,-1
13,63,1
30,63,1
38,63,1
48,63,1
60,63,1
68,63,1
69,63,1
78,63,1
88,63,1
5,64,1
8,64,1
31,64,1
32,64,1
34,64,1
43,64,1
48,64,1
59,64,-1
71,64,1
2,65,1
14,65,1
15,65,1
17,65,1
19,65,1
33,65,1
41,65,1
46,65,1
66,65,1
73,65,-1
77,65,1
79,65,1
84,65,-1
94,65,1
96,65,1
14,66,1
19,66,1
27,66,1
52,66,-1
53,66,1
58,66,1
65,66,-1
74,66,1
86,66,1
1,67,1
4,67,1
6,67,1
7,67,1
16,67,1
23,67,1
26,67,1
29,67,1
42,67,1
44,67,-1
71,67,1
80,67,1
82,67,1
87,67,1
100,67,-1
15,68,1
27,68,1
40,68,-1
58,68,1
60,68,1
69,68,1
77,68,1
79,68,1
93,68,1
13,69,1
30,69,1
38,69,1
48,69,1
60,69,1
63,69,1
68,69,1
78,69,1
79,69,1
81,69,1
88,69,1
93,69,1
97,69,1
11,70,1
37,70,-1
49,70,1
51,70,1
52,70,-1
61,70,1
74,70,1
86,70,1
97,70,1
98,70,1
4,71,1
6,71,1
23,71,1
31,71,1
32,71,1
34,71,1
43,71,1
59,71,-1
62,71,1
64,71,1
67,71,1
80,71,1
82,71,1
3,72,1
5,72,1
9,72,1
10,72,1
16,72,1
22,72,1
28,72,1
35,72,1
36,72,1
55,72,1
74,72,1
76,72,1
91,72,1
2,73,1
15,73,1
17,73,1
19,73,1
33,73,1
45,73,1
46,73,1
58,73,1
65,73,-1
77,73,1
84,73,-1
92,73,1
96,73,1
7,74,1
27,74,1
37,74,-1
49,74,1
51,74,1
52,74,-1
53,74,1
66,74,1
70,74,1
86,74,1
96,74,1
11,75,1
19,75,1
21,75,-1
22,75,1
28,75,1
32,75,1
36,75,1
49,75,1
50,75,-1
54,75,1
56,75,-1
76,75,1
77,75,1
90,75,1
3,76,1
9,76,1
10,76,1
16,76,1
22,76,1
28,76,1
35,76,1
36,76,1
39,76,-1
55,76,1
72,76,-1
75,76,1
90,76,1
91,76,1
15,77,1
19,77,1
33,77,1
45,77,1
60,77,1
65,77,-1
73,77,-1
84,77,-1
92,77,1
96,77,1
13,78,1
30,78,1
31,78,1
38,78,1
48,78,1
58,78,1
60,78,1
63,78,1
68,78,1
69,78,1
79,78,1
81,78,1
88,78,1
92,78,1
93,78,1
97,78,1
8,79,1
13,79,1
31,79,1
32,79,1
38,79,1
40,79,-1
48,79,1
59,79,-1
60,79,1
63,79,1
64,79,1
66,79,1
68,79,1
69,79,1
78,79,1
88,79,1
93,79,1
1,80,1
7,80,1
23,80,1
29,80,1
67,80,1
82,80,1
100,80,-1
30,81,1
48,81,1
61,81,1
63,81,1
69,81,1
78,81,1
79,81,1
88,81,1
92,81,1
97,81,1
4,82,1
6,82,1
7,82,1
18,82,-1
23,82,1
26,82,1
29,82,1
42,82,1
57,82,1
67,82,1
71,82,1
80,82,1
100,82,-1
3,83,1
5,83,1
7,83,1
8,83,1
12,83,1
18,83,-1
21,83,-1
47,83,1
51,83,1
55,83,1
56,83,-1
57,83,1
61,83,1
66,83,1
71,83,1
80,83,1
2,84,1
17,84,1
19,84,1
33,84,1
41,84,1
46,84,1
53,84,1
65,84,-1
73,84,-1
74,84,1
77,84,1
96,84,1
1,85,1
5,85,1
14,85,1
24,85,1
25,85,-1
27,85,1
32,85,1
41,85,1
47,85,1
48,85,1
52,85,-1
74,85,1
86,85,1
89,85,1
11,86,1
37,86,-1
41,86,1
51,86,1
52,86,-1
66,86,1
70,86,1
74,86,1
1,87,1
4,87,1
7,87,1
44,87,-1
62,87,1
82,87,1
85,87,1
100,87,-1
13,88,1
15,88,1
30,88,1
38,88,1
48,88,1
60,88,1
63,88,1
68,88,1
69,88,1
78,88,1
79,88,1
81,88,1
1,89,1
23,89,1
44,89,-1
62,89,1
76,89,1
80,89,1
90,89,1
99,89,1
1,90,1
11,90,1
20,90,-1
21,90,-1
24,90,1
44,90,-1
50,90,-1
54,90,1
55,90,1
62,90,1
3,91,1
8,91,1
9,91,1
10,91,1
16,91,1
18,91,-1
21,91,-1
28,91,1
35,91,1
36,91,1
47,91,1
64,91,1
72,91,-1
76,91,1
83,91,1
17,92,1
30,92,1
33,92,1
60,92,1
63,92,1
66,92,1
69,92,1
13,93,1
30,93,1
31,93,1
32,93,1
59,93,-1
60,93,1
63,93,1
64,93,1
71,93,1
78,93,1
79,93,1
92,93,1
14,94,1
17,94,1
19,94,1
21,94,-1
33,94,1
37,94,-1
41,94,1
52,94,-1
58,94,1
65,94,-1
66,94,1
77,94,1
84,94,-1
11,95,1
21,95,-1
47,95,1
49,95,1
50,95,-1
51,95,1
54,95,1
56,95,-1
61,95,1
69,95,1
75,95,1
80,95,1
90,95,1
97,95,1
98,95,1
2,96,1
14,96,1
15,96,1
19,96,1
33,96,1
41,96,1
46,96,1
53,96,1
58,96,1
60,96,1
65,96,-1
66,96,1
68,96,1
73,96,-1
77,96,1
84,96,-1
30,97,1
31,97,1
49,97,1
51,97,1
56,97,-1
60,97,1
61,97,1
69,97,1
79,97,1
6,98,1
12,98,1
18,98,-1
21,98,-1
23,98,1
26,98,1
37,98,-1
42,98,1
47,98,1
49,98,1
51,98,1
52,98,-1
56,98,-1
61,98,1
70,98,1
86,98,1
1,99,1
16,99,1
20,99,-1
22,99,1
28,99,1
44,99,-1
55,99,1
76,99,1
89,99,1
90,99,1
6,100,1
7,100,1
12,100,1
18,100,-1
26,100,1
29,100,1
42,100,1
57,100,1
67,100,1
71,100,1
80,100,1
82,100,1
83,100,1
87,100,1
