4,1,1
12,1,1
39,1,1
42,1,1
47,1,1
53,1,1
62,1,1
70,1,1
84,1,-1
4,2,1
17,2,1
19,2,1
20,2,-1
29,2,-1
37,2,1
45,2,1
61,2,1
67,2,1
70,2,1
82,2,1
90,2,1
98,2,1
5,3,1
7,3,1
9,3,1
14,3,1
15,3,1
21,3,-1
43,3,1
45,3,1
46,3,-1
70,3,1
74,3,1
76,3,-1
77,3,1
81,3,1
86,3,1
90,3,1
91,3,1
96,3,-1
97,3,1
8,4,1
21,4,-1
37,4,1
49,4,1
55,4,1
58,4,-1
65,4,1
89,4,1
94,4,1
96,4,-1
97,4,1
99,4,1
100,4,1
1,5,-1
11,5,-1
13,5,1
57,5,1
58,5,-1
85,5,1
89,5,1
94,5,1
3,6,-1
20,6,-1
21,6,-1
37,6,1
44,6,1
45,6,1
69,6,1
83,6,-1
97,6,1
12,7,1
20,7,-1
30,7,1
33,7,1
37,7,1
45,7,1
60,7,-1
61,7,1
64,7,1
70,7,1
72,7,1
75,7,1
91,7,1
95,7,1
10,8,1
12,8,1
24,8,1
30,8,1
54,8,1
63,8,1
81,8,1
89,8,1
98,8,1
99,8,1
4,9,1
13,9,1
14,9,1
31,9,1
60,9,-1
69,9,1
72,9,1
77,9,1
88,9,1
90,9,1
15,10,1
16,10,-1
19,10,1
21,10,-1
27,10,1
38,10,-1
46,10,-1
51,10,1
52,10,1
58,10,-1
64,10,1
66,10,1
75,10,1
82,10,1
90,10,1
94,10,1
4,11,1
10,11,1
15,11,1
16,11,-1
19,11,1
20,11,-1
22,11,1
60,11,-1
67,11,1
72,11,1
77,11,1
83,11,-1
18,12,1
48,12,1
51,12,1
61,12,1
62,12,1
66,12,1
91,12,1
3,13,-1
8,13,1
12,13,1
17,13,1
21,13,-1
29,13,-1
34,13,-1
42,13,1
55,13,1
58,13,-1
78,13,1
85,13,1
92,13,1
95,13,1
3,14,-1
22,14,1
24,14,1
33,14,1
37,14,1
41,14,1
46,14,-1
51,14,1
53,14,1
59,14,1
82,14,1
93,14,1
94,14,1
2,15,-1
14,15,1
31,15,1
33,15,1
34,15,-1
38,15,-1
51,15,1
70,15,1
75,15,1
78,15,1
79,15,1
87,15,1
89,15,1
92,15,1
100,15,1
1,16,-1
6,16,1
28,16,-1
33,16,1
38,16,-1
39,16,1
40,16,-1
45,16,1
47,16,1
51,16,1
57,16,1
66,16,1
70,16,1
79,16,1
87,16,1
3,17,-1
10,17,1
13,17,1
43,17,1
44,17,1
46,17,-1
47,17,1
48,17,1
56,17,1
62,17,1
81,17,1
96,17,-1
99,17,1
1,18,-1
3,18,-1
20,18,-1
21,18,-1
25,18,1
27,18,1
28,18,-1
34,18,-1
35,18,1
38,18,-1
40,18,-1
49,18,1
60,18,-1
78,18,1
86,18,1
6,19,1
13,19,1
21,19,-1
32,19,-1
35,19,1
44,19,1
52,19,1
56,19,1
65,19,1
67,19,1
70,19,1
73,19,-1
83,19,-1
85,19,1
97,19,1
7,20,1
27,20,1
28,20,-1
53,20,1
56,20,1
62,20,1
67,20,1
70,20,1
81,20,1
82,20,1
84,20,-1
92,20,1
94,20,1
63,21,1
6,22,1
14,22,1
26,22,1
30,22,1
60,22,-1
63,22,1
94,22,1
99,22,1
100,22,1
7,23,1
21,23,-1
22,23,1
27,23,1
31,23,1
49,23,1
55,23,1
56,23,1
65,23,1
96,23,-1
6,24,1
12,24,1
18,24,1
28,24,-1
30,24,1
31,24,1
38,24,-1
59,24,1
60,24,-1
76,24,-1
80,24,1
87,24,1
96,24,-1
6,25,1
16,25,-1
21,25,-1
27,25,1
28,25,-1
36,25,1
40,25,-1
47,25,1
48,25,1
52,25,1
54,25,1
65,25,1
70,25,1
72,25,1
77,25,1
82,25,1
85,25,1
87,25,1
100,25,1
9,26,1
19,26,1
21,26,-1
32,26,-1
36,26,1
47,26,1
52,26,1
63,26,1
66,26,1
85,26,1
88,26,1
3,27,-1
7,27,1
18,27,1
35,27,1
46,27,-1
58,27,-1
59,27,1
60,27,-1
61,27,1
81,27,1
83,27,-1
85,27,1
86,27,1
91,27,1
99,27,1
7,28,1
9,28,1
16,28,-1
17,28,1
24,28,1
29,28,-1
55,28,1
59,28,1
74,28,1
76,28,-1
81,28,1
84,28,-1
85,28,1
86,28,1
89,28,1
90,28,1
94,28,1
1,29,-1
4,29,1
14,29,1
27,29,1
28,29,-1
34,29,-1
44,29,1
54,29,1
56,29,1
57,29,1
59,29,1
62,29,1
69,29,1
79,29,1
94,29,1
97,29,1
6,30,1
17,30,1
32,30,-1
34,30,-1
36,30,1
59,30,1
60,30,-1
65,30,1
72,30,1
81,30,1
88,30,1
95,30,1
8,31,1
17,31,1
21,31,-1
29,31,-1
41,31,1
50,31,1
64,31,1
75,31,1
80,31,1
94,31,1
1,32,-1
4,32,1
19,32,1
44,32,1
53,32,1
62,32,1
66,32,1
7,33,1
30,33,1
61,33,1
62,33,1
63,33,1
68,33,1
81,33,1
86,33,1
97,33,1
9,34,1
14,34,1
16,34,-1
22,34,1
41,34,1
42,34,1
50,34,1
54,34,1
57,34,1
64,34,1
93,34,1
98,34,1
5,35,1
14,35,1
21,35,-1
39,35,1
43,35,1
54,35,1
58,35,-1
71,35,1
83,35,-1
17,36,1
33,36,1
38,36,-1
39,36,1
47,36,1
49,36,1
62,36,1
64,36,1
86,36,1
87,36,1
99,36,1
2,37,-1
3,37,-1
12,37,1
13,37,1
17,37,1
28,37,-1
42,37,1
54,37,1
55,37,1
62,37,1
88,37,1
3,38,-1
6,38,1
7,38,1
10,38,1
23,38,-1
49,38,1
65,38,1
95,38,1
100,38,1
1,39,-1
6,39,1
10,39,1
26,39,1
28,39,-1
43,39,1
45,39,1
48,39,1
51,39,1
52,39,1
57,39,1
58,39,-1
66,39,1
78,39,1
90,39,1
93,39,1
21,40,-1
24,40,1
31,40,1
35,40,1
47,40,1
49,40,1
51,40,1
55,40,1
70,40,1
74,40,1
76,40,-1
79,40,1
82,40,1
99,40,1
15,41,1
17,41,1
19,41,1
30,41,1
50,41,1
80,41,1
84,41,-1
85,41,1
89,41,1
91,41,1
7,42,1
17,42,1
21,42,-1
38,42,-1
50,42,1
57,42,1
77,42,1
78,42,1
86,42,1
94,42,1
95,42,1
98,42,1
14,43,1
15,43,1
28,43,-1
37,43,1
40,43,-1
46,43,-1
47,43,1
61,43,1
68,43,1
73,43,-1
81,43,1
87,43,1
89,43,1
92,43,1
15,44,1
23,44,-1
29,44,-1
35,44,1
37,44,1
41,44,1
45,44,1
52,44,1
53,44,1
60,44,-1
75,44,1
85,44,1
92,44,1
3,45,-1
6,45,1
25,45,1
42,45,1
46,45,-1
59,45,1
73,45,-1
84,45,-1
86,45,1
93,45,1
36,46,1
38,46,-1
44,46,1
58,46,-1
88,46,1
24,47,1
29,47,-1
30,47,1
31,47,1
52,47,1
54,47,1
57,47,1
78,47,1
81,47,1
94,47,1
3,48,-1
15,48,1
17,48,1
22,48,1
28,48,-1
36,48,1
44,48,1
45,48,1
52,48,1
62,48,1
65,48,1
74,48,1
77,48,1
79,48,1
80,48,1
86,48,1
92,48,1
3,49,-1
7,49,1
19,49,1
27,49,1
34,49,-1
47,49,1
54,49,1
56,49,1
62,49,1
69,49,1
84,49,-1
87,49,1
94,49,1
7,50,1
27,50,1
29,50,-1
30,50,1
36,50,1
39,50,1
46,50,-1
60,50,-1
65,50,1
79,50,1
83,50,-1
88,50,1
97,50,1
7,51,1
9,51,1
21,51,-1
47,51,1
55,51,1
56,51,1
69,51,1
75,51,1
79,51,1
81,51,1
83,51,-1
2,52,-1
5,52,1
19,52,1
25,52,1
34,52,-1
38,52,-1
45,52,1
54,52,1
58,52,-1
60,52,-1
63,52,1
81,52,1
84,52,-1
93,52,1
3,53,-1
15,53,1
22,53,1
29,53,-1
36,53,1
40,53,-1
41,53,1
45,53,1
54,53,1
56,53,1
60,53,-1
63,53,1
64,53,1
67,53,1
68,53,1
71,53,1
98,53,1
5,54,1
6,54,1
9,54,1
11,54,-1
13,54,1
23,54,-1
30,54,1
37,54,1
38,54,-1
49,54,1
56,54,1
68,54,1
83,54,-1
97,54,1
100,54,1
13,55,1
15,55,1
25,55,1
29,55,-1
31,55,1
57,55,1
59,55,1
62,55,1
85,55,1
95,55,1
97,55,1
4,56,1
18,56,1
23,56,-1
59,56,1
62,56,1
69,56,1
85,56,1
2,57,-1
3,57,-1
6,57,1
8,57,1
45,57,1
48,57,1
51,57,1
60,57,-1
62,57,1
63,57,1
64,57,1
65,57,1
99,57,1
4,58,1
7,58,1
8,58,1
27,58,1
38,58,-1
42,58,1
47,58,1
53,58,1
56,58,1
79,58,1
87,58,1
91,58,1
92,58,1
98,58,1
3,59,-1
4,59,1
19,59,1
33,59,1
36,59,1
45,59,1
70,59,1
88,59,1
100,59,1
3,60,-1
20,60,-1
26,60,1
30,60,1
40,60,-1
43,60,1
51,60,1
54,60,1
55,60,1
59,60,1
70,60,1
79,60,1
94,60,1
5,61,1
9,61,1
16,61,-1
19,61,1
36,61,1
39,61,1
54,61,1
55,61,1
60,61,-1
68,61,1
83,61,-1
100,61,1
8,62,1
9,62,1
10,62,1
14,62,1
25,62,1
35,62,1
43,62,1
45,62,1
50,62,1
61,62,1
73,62,-1
98,62,1
99,62,1
5,63,1
14,63,1
26,63,1
27,63,1
28,63,-1
29,63,-1
30,63,1
38,63,-1
46,63,-1
56,63,1
67,63,1
73,63,-1
74,63,1
75,63,1
82,63,1
83,63,-1
97,63,1
1,64,-1
3,64,-1
4,64,1
13,64,1
18,64,1
25,64,1
41,64,1
44,64,1
47,64,1
55,64,1
67,64,1
74,64,1
97,64,1
18,65,1
29,65,-1
47,65,1
53,65,1
63,65,1
90,65,1
94,65,1
99,65,1
12,66,1
14,66,1
17,66,1
25,66,1
28,66,-1
33,66,1
36,66,1
47,66,1
50,66,1
57,66,1
59,66,1
65,66,1
70,66,1
74,66,1
75,66,1
83,66,-1
97,66,1
16,67,-1
24,67,1
25,67,1
33,67,1
44,67,1
53,67,1
55,67,1
71,67,1
84,67,-1
89,67,1
93,67,1
97,67,1
11,68,-1
25,68,1
50,68,1
51,68,1
73,68,-1
74,68,1
77,68,1
83,68,-1
86,68,1
90,68,1
95,68,1
14,69,1
26,69,1
34,69,-1
36,69,1
39,69,1
43,69,1
46,69,-1
51,69,1
70,69,1
88,69,1
98,69,1
99,69,1
100,69,1
7,70,1
22,70,1
24,70,1
46,70,-1
60,70,-1
68,70,1
76,70,-1
81,70,1
7,71,1
12,71,1
15,71,1
17,71,1
30,71,1
43,71,1
59,71,1
63,71,1
67,71,1
87,71,1
95,71,1
99,71,1
14,72,1
17,72,1
18,72,1
21,72,-1
27,72,1
34,72,-1
46,72,-1
50,72,1
51,72,1
54,72,1
63,72,1
66,72,1
79,72,1
81,72,1
84,72,-1
3,73,-1
4,73,1
9,73,1
10,73,1
27,73,1
28,73,-1
30,73,1
42,73,1
67,73,1
78,73,1
95,73,1
1,74,-1
4,74,1
6,74,1
13,74,1
26,74,1
28,74,-1
29,74,-1
34,74,-1
38,74,-1
40,74,-1
46,74,-1
57,74,1
83,74,-1
93,74,1
95,74,1
15,75,1
39,75,1
42,75,1
47,75,1
67,75,1
81,75,1
88,75,1
8,76,1
18,76,1
21,76,-1
34,76,-1
59,76,1
71,76,1
93,76,1
98,76,1
40,77,-1
63,77,1
91,77,1
11,78,-1
20,78,-1
21,78,-1
28,78,-1
36,78,1
39,78,1
41,78,1
42,78,1
43,78,1
47,78,1
51,78,1
52,78,1
57,78,1
59,78,1
63,78,1
74,78,1
91,78,1
99,78,1
6,79,1
28,79,-1
32,79,-1
33,79,1
41,79,1
55,79,1
59,79,1
62,79,1
69,79,1
75,79,1
86,79,1
91,79,1
94,79,1
96,79,-1
2,80,-1
5,80,1
31,80,1
33,80,1
46,80,-1
48,80,1
60,80,-1
66,80,1
88,80,1
92,80,1
3,81,-1
4,81,1
5,81,1
8,81,1
21,81,-1
26,81,1
34,81,-1
37,81,1
50,81,1
52,81,1
62,81,1
74,81,1
76,81,-1
83,81,-1
86,81,1
92,81,1
95,81,1
4,82,1
9,82,1
13,82,1
15,82,1
28,82,-1
38,82,-1
49,82,1
52,82,1
53,82,1
67,82,1
71,82,1
76,82,-1
78,82,1
13,83,1
15,83,1
16,83,-1
31,83,1
69,83,1
72,83,1
89,83,1
91,83,1
94,83,1
36,84,1
49,84,1
52,84,1
65,84,1
66,84,1
73,84,-1
79,84,1
85,84,1
94,84,1
2,85,-1
14,85,1
24,85,1
25,85,1
32,85,-1
51,85,1
66,85,1
80,85,1
86,85,1
91,85,1
99,85,1
9,86,1
12,86,1
13,86,1
32,86,-1
36,86,1
44,86,1
47,86,1
53,86,1
63,86,1
70,86,1
81,86,1
83,86,-1
94,86,1
95,86,1
99,86,1
9,87,1
18,87,1
19,87,1
27,87,1
31,87,1
33,87,1
66,87,1
68,87,1
79,87,1
1,88,-1
9,88,1
13,88,1
18,88,1
27,88,1
46,88,-1
50,88,1
78,88,1
79,88,1
84,88,-1
7,89,1
27,89,1
32,89,-1
34,89,-1
42,89,1
47,89,1
48,89,1
59,89,1
60,89,-1
69,89,1
72,89,1
91,89,1
93,89,1
3,90,-1
16,90,-1
28,90,-1
32,90,-1
33,90,1
43,90,1
52,90,1
61,90,1
64,90,1
70,90,1
86,90,1
91,90,1
97,90,1
7,91,1
9,91,1
18,91,1
22,91,1
28,91,-1
29,91,-1
38,91,-1
47,91,1
49,91,1
57,91,1
66,91,1
72,91,1
12,92,1
13,92,1
32,92,-1
36,92,1
45,92,1
50,92,1
51,92,1
65,92,1
73,92,-1
9,93,1
13,93,1
15,93,1
18,93,1
32,93,-1
42,93,1
54,93,1
60,93,-1
62,93,1
65,93,1
66,93,1
74,93,1
85,93,1
5,94,1
6,94,1
9,94,1
24,94,1
26,94,1
28,94,-1
29,94,-1
45,94,1
66,94,1
75,94,1
81,94,1
83,94,-1
87,94,1
1,95,-1
14,95,1
44,95,1
45,95,1
56,95,1
64,95,1
65,95,1
69,95,1
73,95,-1
77,95,1
78,95,1
87,95,1
92,95,1
4,96,1
14,96,1
16,96,-1
78,96,1
81,96,1
86,96,1
6,97,1
8,97,1
18,97,1
54,97,1
63,97,1
87,97,1
92,97,1
93,97,1
95,97,1
100,97,1
18,98,1
19,98,1
22,98,1
25,98,1
26,98,1
29,98,-1
70,98,1
74,98,1
80,98,1
87,98,1
92,98,1
95,98,1
99,98,1
10,99,1
15,99,1
16,99,-1
21,99,-1
50,99,1
55,99,1
57,99,1
68,99,1
69,99,1
73,99,-1
76,99,-1
88,99,1
96,99,-1
97,99,1
2,100,-1
12,100,1
13,100,1
20,100,-1
23,100,-1
25,100,1
44,100,1
53,100,1
57,100,1
59,100,1
69,100,1
78,100,1
86,100,1
89,100,1
94,100,1
