3,1,1
8,1,1
10,1,1
12,1,1
35,1,-1
47,1,1
63,1,1
64,1,1
65,1,1
73,1,1
74,1,1
80,1,1
81,1,1
82,1,1
100,1,-1
13,2,-1
33,2,1
38,2,1
41,2,1
48,2,1
51,2,-1
60,2,1
63,2,1
73,2,1
80,2,1
84,2,1
93,2,1
94,2,1
98,2,1
1,3,1
10,3,1
24,3,1
35,3,-1
41,3,1
48,3,1
63,3,1
73,3,1
74,3,1
80,3,1
89,3,1
93,3,1
100,3,-1
24,4,1
27,4,1
31,4,1
43,4,-1
47,4,1
52,4,1
62,4,1
75,4,1
78,4,1
89,4,1
91,4,1
13,5,-1
33,5,1
34,5,1
41,5,1
47,5,1
48,5,1
54,5,1
59,5,-1
60,5,1
69,5,1
76,5,1
88,5,-1
93,5,1
94,5,1
28,6,1
32,6,1
61,6,1
67,6,1
70,6,1
71,6,1
87,6,1
99,6,1
8,7,1
15,7,1
38,7,1
42,7,1
61,7,1
64,7,1
66,7,1
67,7,1
70,7,1
78,7,1
99,7,1
7,8,1
15,8,1
35,8,-1
64,8,1
84,8,1
87,8,1
91,8,1
99,8,1
20,9,1
21,9,1
23,9,1
29,9,1
33,9,1
36,9,1
37,9,1
50,9,1
52,9,1
53,9,-1
56,9,1
59,9,-1
68,9,1
72,9,1
76,9,1
95,9,1
1,10,1
3,10,1
35,10,-1
40,10,-1
63,10,1
64,10,1
65,10,1
73,10,1
74,10,1
80,10,1
81,10,1
82,10,1
100,10,-1
9,11,-1
20,11,1
21,11,1
23,11,1
36,11,1
37,11,1
46,11,1
50,11,1
56,11,1
59,11,-1
68,11,1
72,11,1
76,11,1
95,11,1
14,12,1
17,12,-1
25,12,1
26,12,1
44,12,1
45,12,1
57,12,1
66,12,1
77,12,1
85,12,1
2,13,1
19,13,1
43,13,-1
48,13,1
51,13,-1
60,13,1
62,13,1
92,13,1
18,14,-1
22,14,1
26,14,1
29,14,1
40,14,-1
45,14,1
57,14,1
69,14,1
77,14,1
79,14,1
97,14,1
2,15,1
7,15,1
8,15,1
38,15,1
42,15,1
63,15,1
64,15,1
70,15,1
73,15,1
80,15,1
82,15,1
93,15,1
99,15,1
25,16,1
30,16,1
49,16,1
58,16,-1
83,16,1
85,16,1
96,16,1
12,17,1
14,17,1
26,17,1
40,17,-1
44,17,1
45,17,1
57,17,1
69,17,1
77,17,1
85,17,1
97,17,1
4,18,-1
14,18,1
17,18,-1
22,18,1
26,18,1
40,18,-1
44,18,1
45,18,1
47,18,1
57,18,1
69,18,1
77,18,1
79,18,1
97,18,1
2,19,1
13,19,-1
51,19,-1
60,19,1
98,19,1
23,20,1
46,20,1
50,20,1
53,20,-1
56,20,1
68,20,1
72,20,1
76,20,1
20,21,1
23,21,1
36,21,1
56,21,1
68,21,1
95,21,1
14,22,1
18,22,-1
28,22,1
40,22,-1
45,22,1
49,22,1
57,22,1
61,22,1
66,22,1
67,22,1
70,22,1
71,22,1
79,22,1
86,22,1
97,22,1
99,22,1
9,23,-1
11,23,1
20,23,1
21,23,1
29,23,1
36,23,1
37,23,1
46,23,1
50,23,1
56,23,1
59,23,-1
68,23,1
72,23,1
76,23,1
95,23,1
4,24,-1
27,24,1
31,24,1
43,24,-1
47,24,1
62,24,1
75,24,1
78,24,1
89,24,1
91,24,1
12,25,1
16,25,1
39,25,1
45,25,1
49,25,1
52,25,1
57,25,1
77,25,1
83,25,1
84,25,1
85,25,1
96,25,1
12,26,1
14,26,1
17,26,-1
18,26,-1
25,26,1
40,26,-1
44,26,1
45,26,1
47,26,1
52,26,1
57,26,1
69,26,1
77,26,1
97,26,1
4,27,-1
24,27,1
31,27,1
43,27,-1
47,27,1
52,27,1
62,27,1
75,27,1
78,27,1
85,27,1
89,27,1
91,27,1
32,28,1
39,28,1
49,28,1
61,28,1
66,28,1
70,28,1
71,28,1
73,28,1
87,28,1
99,28,1
20,29,1
23,29,1
50,29,1
52,29,1
53,29,-1
59,29,-1
62,29,1
68,29,1
76,29,1
78,29,1
89,29,1
16,30,1
25,30,1
39,30,1
49,30,1
58,30,-1
66,30,1
77,30,1
79,30,1
83,30,1
84,30,1
85,30,1
90,30,1
96,30,1
4,31,-1
5,31,-1
13,31,-1
24,31,1
27,31,1
29,31,1
43,31,-1
47,31,1
52,31,1
60,31,1
62,31,1
75,31,1
78,31,1
89,31,1
91,31,1
92,31,1
98,31,1
6,32,-1
7,32,1
22,32,1
28,32,1
61,32,1
66,32,1
67,32,1
70,32,1
71,32,1
99,32,1
34,33,1
41,33,1
48,33,1
54,33,1
60,33,1
88,33,-1
93,33,1
94,33,1
13,34,-1
33,34,1
41,34,1
48,34,1
51,34,-1
54,34,1
60,34,1
92,34,1
93,34,1
94,34,1
98,34,1
1,35,1
10,35,1
15,35,1
63,35,1
64,35,1
65,35,1
74,35,1
81,35,1
82,35,1
100,35,-1
9,36,-1
11,36,1
20,36,1
21,36,1
23,36,1
29,36,1
37,36,1
50,36,1
52,36,1
53,36,-1
56,36,1
59,36,-1
68,36,1
72,36,1
76,36,1
95,36,1
23,37,1
24,37,1
29,37,1
36,37,1
50,37,1
53,37,-1
68,37,1
72,37,1
73,37,1
76,37,1
91,37,1
95,37,1
5,38,-1
7,38,1
8,38,1
15,38,1
41,38,1
42,38,1
54,38,1
64,38,1
16,39,1
22,39,1
25,39,1
30,39,1
32,39,1
49,39,1
58,39,-1
66,39,1
67,39,1
71,39,1
79,39,1
83,39,1
84,39,1
85,39,1
90,39,1
99,39,1
12,40,1
14,40,1
18,40,-1
26,40,1
44,40,1
45,40,1
47,40,1
57,40,1
69,40,1
97,40,1
2,41,1
5,41,-1
33,41,1
48,41,1
60,41,1
88,41,-1
93,41,1
94,41,1
2,42,1
7,42,1
8,42,1
15,42,1
38,42,1
40,42,-1
44,42,1
63,42,1
64,42,1
66,42,1
69,42,1
70,42,1
80,42,1
82,42,1
97,42,1
99,42,1
4,43,-1
12,43,1
24,43,1
27,43,1
31,43,1
47,43,1
62,43,1
75,43,1
78,43,1
89,43,1
91,43,1
8,44,1
12,44,1
14,44,1
17,44,-1
26,44,1
40,44,-1
45,44,1
57,44,1
69,44,1
77,44,1
97,44,1
12,45,1
14,45,1
17,45,-1
40,45,-1
44,45,1
57,45,1
69,45,1
85,45,1
97,45,1
18,46,-1
20,46,1
23,46,1
29,46,1
36,46,1
50,46,1
53,46,-1
55,46,1
56,46,1
75,46,1
76,46,1
4,47,-1
12,47,1
24,47,1
27,47,1
31,47,1
40,47,-1
45,47,1
52,47,1
57,47,1
62,47,1
69,47,1
75,47,1
78,47,1
85,47,1
89,47,1
91,47,1
2,48,1
5,48,-1
13,48,-1
19,48,1
33,48,1
34,48,1
41,48,1
51,48,-1
54,48,1
60,48,1
63,48,1
88,48,-1
92,48,1
93,48,1
94,48,1
98,48,1
16,49,1
22,49,1
30,49,1
58,49,-1
61,49,1
66,49,1
67,49,1
71,49,1
79,49,1
83,49,1
84,49,1
85,49,1
96,49,1
7,50,1
21,50,1
23,50,1
36,50,1
37,50,1
53,50,-1
68,50,1
72,50,1
73,50,1
76,50,1
95,50,1
2,51,1
13,51,-1
19,51,1
33,51,1
34,51,1
48,51,1
54,51,1
60,51,1
92,51,1
98,51,1
4,52,-1
29,52,1
31,52,1
43,52,-1
47,52,1
53,52,-1
62,52,1
78,52,1
89,52,1
23,53,1
29,53,1
36,53,1
46,53,1
52,53,1
55,53,1
56,53,1
68,53,1
76,53,1
2,54,1
5,54,-1
13,54,-1
23,54,1
33,54,1
34,54,1
41,54,1
48,54,1
51,54,-1
60,54,1
77,54,1
88,54,-1
92,54,1
93,54,1
94,54,1
98,54,1
14,55,1
18,55,-1
20,55,1
23,55,1
29,55,1
37,55,1
46,55,1
50,55,1
52,55,1
53,55,-1
56,55,1
68,55,1
75,55,1
76,55,1
9,56,-1
11,56,1
20,56,1
21,56,1
23,56,1
36,56,1
46,56,1
50,56,1
53,56,-1
55,56,1
59,56,-1
62,56,1
68,56,1
72,56,1
76,56,1
95,56,1
14,57,1
26,57,1
40,57,-1
44,57,1
45,57,1
69,57,1
77,57,1
97,57,1
16,58,1
25,58,1
30,58,1
39,58,1
49,58,1
79,58,1
83,58,1
85,58,1
96,58,1
18,59,-1
20,59,1
23,59,1
30,59,1
36,59,1
37,59,1
50,59,1
53,59,-1
66,59,1
76,59,1
77,59,1
78,59,1
84,59,1
85,59,1
86,59,1
97,59,1
2,60,1
5,60,-1
13,60,-1
19,60,1
33,60,1
34,60,1
38,60,1
41,60,1
48,60,1
51,60,-1
52,60,1
54,60,1
64,60,1
73,60,1
88,60,-1
92,60,1
93,60,1
94,60,1
98,60,1
6,61,-1
28,61,1
32,61,1
66,61,1
67,61,1
70,61,1
71,61,1
79,61,1
99,61,1
4,62,-1
24,62,1
27,62,1
31,62,1
43,62,-1
47,62,1
52,62,1
75,62,1
78,62,1
89,62,1
91,62,1
92,62,1
1,63,1
2,63,1
8,63,1
10,63,1
35,63,-1
65,63,1
73,63,1
74,63,1
81,63,1
82,63,1
100,63,-1
2,64,1
3,64,1
7,64,1
8,64,1
15,64,1
35,64,-1
38,64,1
42,64,1
50,64,1
63,64,1
65,64,1
69,64,1
73,64,1
80,64,1
82,64,1
99,64,1
1,65,1
10,65,1
63,65,1
81,65,1
100,65,-1
32,66,1
61,66,1
67,66,1
70,66,1
71,66,1
79,66,1
6,67,-1
7,67,1
22,67,1
28,67,1
32,67,1
61,67,1
66,67,1
70,67,1
71,67,1
79,67,1
86,67,1
87,67,1
90,67,1
99,67,1
9,68,-1
20,68,1
21,68,1
23,68,1
29,68,1
36,68,1
46,68,1
50,68,1
52,68,1
53,68,-1
55,68,1
56,68,1
76,68,1
95,68,1
12,69,1
17,69,-1
26,69,1
40,69,-1
45,69,1
57,69,1
97,69,1
6,70,-1
7,70,1
28,70,1
61,70,1
67,70,1
71,70,1
79,70,1
90,70,1
99,70,1
6,71,-1
22,71,1
28,71,1
30,71,1
32,71,1
39,71,1
61,71,1
66,71,1
67,71,1
70,71,1
77,71,1
79,71,1
86,71,1
90,71,1
99,71,1
9,72,-1
11,72,1
20,72,1
21,72,1
23,72,1
36,72,1
56,72,1
68,72,1
95,72,1
2,73,1
10,73,1
35,73,-1
38,73,1
40,73,-1
41,73,1
63,73,1
65,73,1
69,73,1
74,73,1
80,73,1
81,73,1
93,73,1
100,73,-1
1,74,1
10,74,1
35,74,-1
62,74,1
63,74,1
65,74,1
73,74,1
80,74,1
81,74,1
82,74,1
100,74,-1
4,75,-1
24,75,1
27,75,1
31,75,1
47,75,1
50,75,1
52,75,1
62,75,1
76,75,1
78,75,1
89,75,1
91,75,1
3,76,1
9,76,-1
20,76,1
21,76,1
23,76,1
24,76,1
29,76,1
36,76,1
37,76,1
46,76,1
50,76,1
53,76,-1
55,76,1
56,76,1
59,76,-1
68,76,1
75,76,1
95,76,1
12,77,1
14,77,1
16,77,1
17,77,-1
26,77,1
32,77,1
40,77,-1
42,77,1
44,77,1
45,77,1
57,77,1
69,77,1
83,77,1
97,77,1
4,78,-1
14,78,1
24,78,1
27,78,1
29,78,1
31,78,1
47,78,1
52,78,1
53,78,-1
62,78,1
75,78,1
89,78,1
91,78,1
98,78,1
22,79,1
28,79,1
32,79,1
49,79,1
59,79,-1
66,79,1
67,79,1
70,79,1
71,79,1
84,79,1
86,79,1
87,79,1
99,79,1
1,80,1
3,80,1
8,80,1
10,80,1
35,80,-1
38,80,1
63,80,1
64,80,1
65,80,1
82,80,1
1,81,1
3,81,1
8,81,1
10,81,1
35,81,-1
63,81,1
64,81,1
65,81,1
73,81,1
74,81,1
80,81,1
82,81,1
100,81,-1
1,82,1
2,82,1
3,82,1
7,82,1
8,82,1
10,82,1
15,82,1
35,82,-1
38,82,1
63,82,1
64,82,1
65,82,1
73,82,1
74,82,1
80,82,1
81,82,1
91,82,1
100,82,-1
16,83,1
25,83,1
30,83,1
39,83,1
49,83,1
58,83,-1
71,83,1
85,83,1
96,83,1
28,84,1
30,84,1
49,84,1
58,84,-1
83,84,1
85,84,1
12,85,1
16,85,1
25,85,1
26,85,1
30,85,1
40,85,-1
44,85,1
45,85,1
47,85,1
49,85,1
58,85,-1
77,85,1
83,85,1
84,85,1
96,85,1
97,85,1
28,86,1
32,86,1
61,86,1
66,86,1
67,86,1
70,86,1
79,86,1
99,86,1
7,87,1
15,87,1
32,87,1
49,87,1
61,87,1
66,87,1
67,87,1
70,87,1
79,87,1
90,87,1
99,87,1
2,88,1
5,88,-1
13,88,-1
33,88,1
34,88,1
41,88,1
48,88,1
54,88,1
60,88,1
93,88,1
94,88,1
4,89,-1
13,89,-1
24,89,1
27,89,1
31,89,1
43,89,-1
47,89,1
52,89,1
62,89,1
75,89,1
78,89,1
92,89,1
6,90,-1
12,90,1
16,90,1
22,90,1
25,90,1
30,90,1
32,90,1
47,90,1
49,90,1
52,90,1
61,90,1
66,90,1
67,90,1
70,90,1
71,90,1
79,90,1
83,90,1
84,90,1
85,90,1
99,90,1
4,91,-1
24,91,1
31,91,1
43,91,-1
75,91,1
89,91,1
2,92,1
13,92,-1
19,92,1
29,92,1
31,92,1
33,92,1
34,92,1
41,92,1
48,92,1
51,92,-1
52,92,1
60,92,1
62,92,1
93,92,1
98,92,1
5,93,-1
33,93,1
34,93,1
41,93,1
54,93,1
60,93,1
88,93,-1
94,93,1
2,94,1
5,94,-1
13,94,-1
24,94,1
31,94,1
33,94,1
34,94,1
41,94,1
48,94,1
51,94,-1
54,94,1
60,94,1
88,94,-1
92,94,1
93,94,1
98,94,1
9,95,-1
11,95,1
20,95,1
21,95,1
23,95,1
36,95,1
37,95,1
46,95,1
50,95,1
72,95,1
76,95,1
16,96,1
30,96,1
39,96,1
41,96,1
49,96,1
58,96,-1
83,96,1
84,96,1
85,96,1
90,96,1
14,97,1
17,97,-1
18,97,-1
26,97,1
40,97,-1
44,97,1
45,97,1
47,97,1
57,97,1
69,97,1
77,97,1
2,98,1
5,98,-1
13,98,-1
19,98,1
31,98,1
41,98,1
48,98,1
51,98,-1
54,98,1
60,98,1
89,98,1
91,98,1
92,98,1
6,99,-1
7,99,1
28,99,1
32,99,1
61,99,1
66,99,1
67,99,1
70,99,1
71,99,1
79,99,1
86,99,1
87,99,1
1,100,1
3,100,1
8,100,1
10,100,1
35,100,-1
63,100,1
64,100,1
65,100,1
73,100,1
74,100,1
80,100,1
81,100,1
82,100,1
