14,1,1
18,1,-1
34,1,-1
37,1,1
38,1,1
40,1,1
42,1,1
46,1,-1
67,1,-1
70,1,1
75,1,1
82,1,1
88,1,1
94,1,1
25,2,1
44,2,1
55,2,-1
58,2,1
61,2,1
65,2,1
77,2,-1
78,2,-1
81,2,1
93,2,1
4,3,-1
6,3,-1
9,3,1
12,3,1
20,3,-1
57,3,1
72,3,-1
84,3,1
90,3,-1
96,3,1
99,3,-1
5,4,1
7,4,1
11,4,-1
17,4,1
21,4,1
27,4,1
34,4,-1
41,4,1
48,4,1
52,4,-1
54,4,1
59,4,1
69,4,1
90,4,-1
4,5,-1
11,5,-1
29,5,1
52,5,-1
60,5,1
73,5,1
89,5,1
2,6,1
7,6,1
9,6,1
11,6,-1
12,6,1
27,6,1
44,6,1
54,6,1
57,6,1
58,6,1
77,6,-1
79,6,1
85,6,-1
87,6,1
93,6,1
4,7,-1
5,7,1
11,7,-1
12,7,1
15,7,1
25,7,1
49,7,1
50,7,1
52,7,-1
54,7,1
69,7,1
81,7,1
85,7,-1
93,7,1
95,7,1
11,8,-1
14,8,1
19,8,1
24,8,1
29,8,1
48,8,1
63,8,-1
79,8,1
92,8,1
3,9,1
18,9,-1
34,9,-1
37,9,1
40,9,1
50,9,1
57,9,1
58,9,1
75,9,1
87,9,1
90,9,-1
93,9,1
96,9,1
99,9,-1
23,10,1
25,10,1
31,10,1
32,10,-1
33,10,1
55,10,-1
60,10,1
61,10,1
64,10,1
71,10,1
76,10,1
78,10,-1
81,10,1
97,10,-1
98,10,1
100,10,-1
4,11,-1
8,11,-1
14,11,1
68,11,1
77,11,-1
79,11,1
84,11,1
85,11,-1
90,11,-1
6,12,-1
15,12,1
20,12,-1
22,12,1
27,12,1
39,12,1
77,12,-1
91,12,1
96,12,1
1,13,1
12,13,1
21,13,1
41,13,1
45,13,1
47,13,1
53,13,1
59,13,1
80,13,1
84,13,1
89,13,1
91,13,1
8,14,-1
48,14,1
69,14,1
5,15,1
6,15,-1
7,15,1
11,15,-1
27,15,1
49,15,1
52,15,-1
54,15,1
58,15,1
77,15,-1
85,15,-1
87,15,1
93,15,1
95,15,1
26,16,1
32,16,-1
33,16,1
54,16,1
57,16,1
63,16,-1
74,16,1
93,16,1
97,16,-1
98,16,1
13,17,-1
21,17,1
23,17,1
28,17,1
41,17,1
47,17,1
53,17,1
55,17,-1
59,17,1
94,17,1
98,17,1
1,18,1
5,18,1
8,18,-1
24,18,1
37,18,1
38,18,1
40,18,1
42,18,1
46,18,-1
70,18,1
75,18,1
82,18,1
88,18,1
97,18,-1
98,18,1
11,19,-1
12,19,1
20,19,-1
22,19,1
26,19,1
29,19,1
30,19,1
36,19,1
43,19,1
72,19,-1
83,19,1
84,19,1
86,19,1
8,20,-1
12,20,1
19,20,1
22,20,1
30,20,1
35,20,-1
39,20,1
43,20,1
72,20,-1
76,20,1
81,20,1
83,20,1
84,20,1
4,21,-1
13,21,-1
14,21,1
17,21,1
41,21,1
47,21,1
51,21,-1
59,21,1
62,21,1
80,21,1
84,21,1
94,21,1
3,22,1
6,22,-1
11,22,-1
12,22,1
19,22,1
20,22,-1
30,22,1
39,22,1
43,22,1
50,22,1
58,22,1
83,22,1
84,22,1
85,22,-1
99,22,-1
28,23,1
33,23,1
36,23,1
47,23,1
55,23,-1
57,23,1
58,23,1
59,23,1
60,23,1
87,23,1
90,23,-1
94,23,1
96,23,1
98,23,1
14,24,1
18,24,-1
36,24,1
37,24,1
79,24,1
2,25,1
10,25,1
39,25,1
44,25,1
55,25,-1
64,25,1
81,25,1
1,26,1
5,26,1
7,26,1
11,26,-1
22,26,1
29,26,1
30,26,1
35,26,-1
43,26,1
49,26,1
51,26,-1
52,26,-1
54,26,1
83,26,1
5,27,1
7,27,1
15,27,1
21,27,1
41,27,1
48,27,1
54,27,1
57,27,1
59,27,1
69,27,1
87,27,1
89,27,1
90,27,-1
91,27,1
99,27,-1
15,28,1
37,28,1
51,28,-1
56,28,1
59,28,1
66,28,-1
73,28,1
89,28,1
97,28,-1
19,29,1
20,29,-1
26,29,1
30,29,1
33,29,1
35,29,-1
36,29,1
43,29,1
60,29,1
66,29,-1
67,29,-1
71,29,1
83,29,1
86,29,1
92,29,1
95,29,1
19,30,1
20,30,-1
22,30,1
34,30,-1
76,30,1
81,30,1
83,30,1
28,31,1
33,31,1
37,31,1
56,31,1
60,31,1
74,31,1
86,31,1
97,31,-1
99,31,-1
10,32,1
16,32,-1
29,32,1
31,32,1
33,32,1
34,32,-1
52,32,-1
63,32,-1
64,32,1
97,32,-1
10,33,1
14,33,1
29,33,1
31,33,1
32,33,-1
35,33,-1
37,33,1
49,33,1
60,33,1
71,33,1
74,33,1
76,33,1
86,33,1
100,33,-1
9,34,1
14,34,1
17,34,1
19,34,1
21,34,1
26,34,1
30,34,1
44,34,1
47,34,1
50,34,1
51,34,-1
62,34,1
83,34,1
89,34,1
4,35,-1
19,35,1
29,35,1
31,35,1
33,35,1
60,35,1
67,35,-1
71,35,1
86,35,1
99,35,-1
28,36,1
30,36,1
34,36,-1
37,36,1
41,36,1
59,36,1
62,36,1
66,36,-1
73,36,1
83,36,1
94,36,1
18,37,-1
28,37,1
36,37,1
40,37,1
42,37,1
46,37,-1
64,37,1
73,37,1
75,37,1
97,37,-1
1,38,1
18,38,-1
24,38,1
37,38,1
40,38,1
42,38,1
43,38,1
56,38,1
70,38,1
82,38,1
2,39,1
6,39,-1
12,39,1
13,39,-1
21,39,1
45,39,1
53,39,1
55,39,-1
72,39,-1
85,39,-1
91,39,1
3,40,1
9,40,1
34,40,-1
38,40,1
82,40,1
86,40,1
90,40,-1
99,40,-1
100,40,-1
3,41,1
4,41,-1
21,41,1
23,41,1
30,41,1
55,41,-1
59,41,1
60,41,1
84,41,1
1,42,1
14,42,1
18,42,-1
24,42,1
27,42,1
35,42,-1
37,42,1
56,42,1
67,42,-1
73,42,1
75,42,1
79,42,1
88,42,1
7,43,1
12,43,1
19,43,1
20,43,-1
26,43,1
29,43,1
30,43,1
34,43,-1
35,43,-1
56,43,1
72,43,-1
83,43,1
2,44,1
14,44,1
33,44,1
48,44,1
55,44,-1
58,44,1
65,44,1
69,44,1
77,44,-1
79,44,1
81,44,1
92,44,1
93,44,1
4,45,-1
8,45,-1
12,45,1
13,45,-1
21,45,1
25,45,1
36,45,1
37,45,1
38,45,1
48,45,1
80,45,1
84,45,1
87,45,1
91,45,1
96,45,1
1,46,1
18,46,-1
36,46,1
37,46,1
38,46,1
42,46,1
56,46,1
70,46,1
94,46,1
97,46,-1
4,47,-1
5,47,1
15,47,1
16,47,-1
24,47,1
41,47,1
54,47,1
57,47,1
60,47,1
78,47,-1
81,47,1
89,47,1
90,47,-1
98,47,1
8,48,-1
11,48,-1
14,48,1
21,48,1
24,48,1
49,48,1
66,48,-1
67,48,-1
79,48,1
92,48,1
4,49,-1
5,49,1
15,49,1
16,49,-1
27,49,1
32,49,-1
35,49,-1
52,49,-1
63,49,-1
66,49,-1
68,49,1
75,49,1
85,49,-1
95,49,1
97,49,-1
2,50,1
6,50,-1
19,50,1
22,50,1
25,50,1
33,50,1
44,50,1
57,50,1
58,50,1
76,50,1
77,50,-1
81,50,1
85,50,-1
93,50,1
5,51,1
30,51,1
34,51,-1
40,51,1
57,51,1
62,51,1
70,51,1
75,51,1
83,51,1
84,51,1
89,51,1
8,52,-1
11,52,-1
15,52,1
32,52,-1
61,52,1
63,52,-1
64,52,1
66,52,-1
68,52,1
77,52,-1
79,52,1
88,52,1
92,52,1
95,52,1
96,52,1
12,53,1
13,53,-1
25,53,1
39,53,1
41,53,1
59,53,1
69,53,1
87,53,1
7,54,1
15,54,1
27,54,1
34,54,-1
77,54,-1
85,54,-1
87,54,1
89,54,1
90,54,-1
93,54,1
98,54,1
2,55,1
10,55,1
13,55,-1
21,55,1
24,55,1
25,55,1
44,55,1
47,55,1
53,55,1
65,55,1
69,55,1
76,55,1
78,55,-1
81,55,1
98,55,1
1,56,1
18,56,-1
33,56,1
37,56,1
46,56,-1
63,56,-1
73,56,1
82,56,1
88,56,1
97,56,-1
6,57,-1
9,57,1
15,57,1
34,57,-1
37,57,1
40,57,1
45,57,1
47,57,1
54,57,1
77,57,-1
87,57,1
90,57,-1
96,57,1
99,57,-1
12,58,1
57,58,1
76,58,1
17,59,1
21,59,1
45,59,1
72,59,-1
74,59,1
94,59,1
10,60,1
29,60,1
32,60,-1
33,60,1
35,60,-1
47,60,1
49,60,1
69,60,1
71,60,1
76,60,1
81,60,1
86,60,1
8,61,-1
10,61,1
31,61,1
32,61,-1
33,61,1
44,61,1
52,61,-1
63,61,-1
64,61,1
65,61,1
68,61,1
91,61,1
97,61,-1
100,61,-1
20,62,-1
22,62,1
28,62,1
30,62,1
34,62,-1
36,62,1
43,62,1
45,62,1
51,62,-1
83,62,1
84,62,1
95,62,1
15,63,1
16,63,-1
32,63,-1
52,63,-1
64,63,1
68,63,1
86,63,1
92,63,1
94,63,1
23,64,1
32,64,-1
49,64,1
61,64,1
65,64,1
68,64,1
81,64,1
97,64,-1
98,64,1
10,65,1
32,65,-1
44,65,1
61,65,1
64,65,1
68,65,1
11,66,-1
15,66,1
26,66,1
29,66,1
35,66,-1
48,66,1
49,66,1
55,66,-1
62,66,1
67,66,-1
79,66,1
92,66,1
95,66,1
99,66,-1
8,67,-1
14,67,1
19,67,1
26,67,1
29,67,1
35,67,-1
40,67,1
44,67,1
48,67,1
66,67,-1
86,67,1
88,67,1
92,67,1
8,68,-1
16,68,-1
28,68,1
32,68,-1
45,68,1
49,68,1
52,68,-1
61,68,1
62,68,1
63,68,-1
64,68,1
65,68,1
77,68,-1
92,68,1
94,68,1
97,68,-1
29,69,1
30,69,1
47,69,1
76,69,1
81,69,1
91,69,1
18,70,-1
35,70,-1
38,70,1
42,70,1
56,70,1
82,70,1
88,70,1
94,70,1
31,71,1
33,71,1
35,71,-1
60,71,1
76,71,1
86,71,1
11,72,-1
12,72,1
13,72,-1
20,72,-1
22,72,1
53,72,1
78,72,-1
83,72,1
24,73,1
28,73,1
31,73,1
37,73,1
40,73,1
44,73,1
45,73,1
51,73,-1
75,73,1
89,73,1
96,73,1
97,73,-1
4,74,-1
5,74,1
10,74,1
16,74,-1
31,74,1
32,74,-1
33,74,1
56,74,1
61,74,1
64,74,1
65,74,1
71,74,1
86,74,1
90,74,-1
97,74,-1
99,74,-1
8,75,-1
18,75,-1
37,75,1
38,75,1
42,75,1
46,75,-1
56,75,1
57,75,1
67,75,-1
70,75,1
82,75,1
88,75,1
12,76,1
19,76,1
22,76,1
29,76,1
30,76,1
31,76,1
35,76,-1
44,76,1
60,76,1
65,76,1
69,76,1
71,76,1
86,76,1
6,77,-1
22,77,1
50,77,1
58,77,1
85,77,-1
93,77,1
95,77,1
13,78,-1
14,78,1
24,78,1
30,78,1
55,78,-1
61,78,1
69,78,1
76,78,1
81,78,1
8,79,-1
14,79,1
52,79,-1
67,79,-1
68,79,1
88,79,1
92,79,1
95,79,1
13,80,-1
21,80,1
27,80,1
41,80,1
45,80,1
59,80,1
84,80,1
2,81,1
10,81,1
14,81,1
23,81,1
25,81,1
43,81,1
53,81,1
55,81,-1
58,81,1
60,81,1
69,81,1
76,81,1
78,81,-1
1,82,1
9,82,1
18,82,-1
34,82,-1
37,82,1
38,82,1
40,82,1
44,82,1
46,82,-1
51,82,-1
94,82,1
19,83,1
20,83,-1
26,83,1
29,83,1
30,83,1
34,83,-1
43,83,1
51,83,-1
62,83,1
95,83,1
3,84,1
4,84,-1
12,84,1
13,84,-1
19,84,1
20,84,-1
21,84,1
40,84,1
41,84,1
45,84,1
62,84,1
72,84,-1
80,84,1
83,84,1
2,85,1
6,85,-1
12,85,1
15,85,1
22,85,1
32,85,-1
35,85,-1
58,85,1
77,85,-1
87,85,1
93,85,1
95,85,1
1,86,1
19,86,1
29,86,1
33,86,1
35,86,-1
52,86,-1
61,86,1
64,86,1
66,86,-1
67,86,-1
71,86,1
76,86,1
99,86,-1
6,87,-1
23,87,1
39,87,1
54,87,1
58,87,1
90,87,-1
93,87,1
96,87,1
98,87,1
8,88,-1
18,88,-1
35,88,-1
38,88,1
42,88,1
49,88,1
66,88,-1
67,88,-1
70,88,1
75,88,1
95,88,1
5,89,1
7,89,1
11,89,-1
15,89,1
16,89,-1
26,89,1
39,89,1
51,89,-1
54,89,1
57,89,1
70,89,1
73,89,1
87,89,1
90,89,-1
93,89,1
95,89,1
3,90,1
4,90,-1
5,90,1
6,90,-1
27,90,1
41,90,1
47,90,1
57,90,1
69,90,1
89,90,1
99,90,-1
7,91,1
12,91,1
13,91,-1
39,91,1
45,91,1
53,91,1
68,91,1
89,91,1
100,91,-1
8,92,-1
11,92,-1
52,92,-1
63,92,-1
66,92,-1
68,92,1
79,92,1
86,92,1
6,93,-1
26,93,1
27,93,1
50,93,1
57,93,1
58,93,1
77,93,-1
87,93,1
90,93,-1
98,93,1
100,93,-1
1,94,1
28,94,1
34,94,-1
36,94,1
41,94,1
47,94,1
56,94,1
62,94,1
70,94,1
95,94,1
11,95,-1
36,95,1
43,95,1
49,95,1
66,95,-1
68,95,1
92,95,1
12,96,1
15,96,1
31,96,1
52,96,-1
53,96,1
58,96,1
77,96,-1
87,96,1
91,96,1
93,96,1
24,97,1
25,97,1
28,97,1
31,97,1
32,97,-1
33,97,1
34,97,-1
36,97,1
37,97,1
38,97,1
42,97,1
61,97,1
63,97,-1
64,97,1
70,97,1
74,97,1
1,98,1
10,98,1
11,98,-1
32,98,-1
47,98,1
60,98,1
61,98,1
65,98,1
70,98,1
78,98,-1
89,98,1
95,98,1
100,98,-1
3,99,1
47,99,1
73,99,1
76,99,1
90,99,-1
1,100,1
18,100,-1
29,100,1
33,100,1
35,100,-1
44,100,1
49,100,1
60,100,1
65,100,1
66,100,-1
71,100,1
74,100,1
76,100,1
92,100,1
