32,1,1
38,1,-1
41,1,1
63,1,1
77,1,1
3,2,1
6,2,-1
7,2,1
16,2,1
32,2,1
39,2,-1
44,2,1
60,2,-1
62,2,1
63,2,1
65,2,1
68,2,1
72,2,1
85,2,1
98,2,1
2,3,1
7,3,1
23,3,1
24,3,1
31,3,1
32,3,1
35,3,-1
39,3,-1
53,3,1
62,3,1
63,3,1
65,3,1
68,3,1
79,3,1
81,3,1
85,3,1
87,3,1
8,4,-1
11,4,1
13,4,1
14,4,1
21,4,1
22,4,-1
48,4,-1
51,4,1
54,4,-1
62,4,1
84,4,1
89,4,1
92,4,1
93,4,1
95,4,1
99,4,-1
6,5,-1
14,5,1
18,5,1
37,5,1
54,5,-1
58,5,1
59,5,1
61,5,1
83,5,-1
86,5,-1
88,5,-1
5,6,1
9,6,-1
18,6,1
60,6,-1
68,6,1
80,6,1
84,6,1
93,6,1
98,6,1
2,7,1
10,7,-1
32,7,1
38,7,-1
49,7,1
53,7,1
63,7,1
77,7,1
79,7,1
85,7,1
87,7,1
2,8,1
4,8,1
6,8,-1
22,8,-1
28,8,1
56,8,1
62,8,1
68,8,1
84,8,1
99,8,-1
5,9,1
6,9,-1
14,9,1
18,9,1
25,9,1
29,9,1
34,9,1
45,9,1
60,9,-1
61,9,1
66,9,1
76,9,1
99,9,-1
1,10,1
6,10,-1
9,10,-1
16,10,1
18,10,1
22,10,-1
25,10,1
29,10,1
32,10,1
45,10,1
68,10,1
78,10,1
94,10,1
99,10,-1
8,11,-1
13,11,1
30,11,1
33,11,-1
39,11,-1
55,11,1
64,11,1
65,11,1
69,11,1
73,11,-1
76,11,1
77,11,1
5,12,1
6,12,-1
14,12,1
19,12,1
21,12,1
44,12,1
49,12,1
52,12,1
54,12,-1
59,12,1
61,12,1
63,12,1
80,12,1
83,12,-1
88,12,-1
95,12,1
8,13,-1
11,13,1
20,13,1
24,13,1
33,13,-1
42,13,1
47,13,-1
49,13,1
55,13,1
62,13,1
64,13,1
69,13,1
81,13,1
90,13,1
95,13,1
96,13,1
97,13,-1
5,14,1
7,14,1
38,14,-1
41,14,1
61,14,1
83,14,-1
88,14,-1
94,14,1
25,15,1
46,15,1
49,15,1
56,15,1
57,15,1
70,15,1
75,15,-1
82,15,1
93,15,1
27,16,1
34,16,1
35,16,-1
36,16,1
37,16,1
41,16,1
45,16,1
46,16,1
53,16,1
58,16,1
63,16,1
72,16,1
83,16,-1
86,16,-1
88,16,-1
23,17,1
31,17,1
38,17,-1
39,17,-1
43,17,-1
48,17,-1
50,17,1
67,17,1
71,17,1
87,17,1
90,17,1
91,17,1
92,17,1
93,17,1
94,17,1
6,18,-1
14,18,1
22,18,-1
25,18,1
32,18,1
33,18,-1
45,18,1
54,18,-1
59,18,1
60,18,-1
61,18,1
68,18,1
73,18,-1
94,18,1
8,19,-1
12,19,1
18,19,1
49,19,1
51,19,1
52,19,1
54,19,-1
73,19,-1
80,19,1
95,19,1
33,20,-1
45,20,1
47,20,-1
50,20,1
55,20,1
62,20,1
63,20,1
64,20,1
65,20,1
79,20,1
81,20,1
97,20,-1
31,21,1
54,21,-1
70,21,1
75,21,-1
89,21,1
92,21,1
8,22,-1
17,22,1
21,22,1
32,22,1
48,22,-1
68,22,1
80,22,1
91,22,1
92,22,1
99,22,-1
31,23,1
42,23,1
48,23,-1
71,23,1
78,23,1
82,23,1
87,23,1
91,23,1
92,23,1
11,24,1
20,24,1
26,24,1
29,24,1
30,24,1
35,24,-1
47,24,-1
55,24,1
57,24,1
62,24,1
64,24,1
81,24,1
86,24,-1
10,25,-1
32,25,1
42,25,1
60,25,-1
66,25,1
71,25,1
94,25,1
98,25,1
13,26,1
23,26,1
24,26,1
25,26,1
29,26,1
35,26,-1
38,26,-1
42,26,1
55,26,1
58,26,1
66,26,1
71,26,1
78,26,1
81,26,1
5,27,1
36,27,1
58,27,1
59,27,1
72,27,1
88,27,-1
100,27,1
4,28,1
8,28,-1
15,28,-1
31,28,1
40,28,1
67,28,1
68,28,1
82,28,1
84,28,1
91,28,1
92,28,1
16,29,1
23,29,1
24,29,1
25,29,1
26,29,1
30,29,1
42,29,1
55,29,1
57,29,1
60,29,-1
61,29,1
69,29,1
71,29,1
89,29,1
92,29,1
11,30,1
13,30,1
24,30,1
26,30,1
47,30,-1
50,30,1
55,30,1
64,30,1
69,30,1
73,30,-1
86,30,-1
17,31,1
23,31,1
40,31,1
43,31,-1
46,31,1
48,31,-1
54,31,-1
62,31,1
67,31,1
75,31,-1
82,31,1
87,31,1
89,31,1
90,31,1
91,31,1
92,31,1
1,32,1
2,32,1
6,32,-1
9,32,-1
10,32,-1
25,32,1
41,32,1
45,32,1
76,32,1
94,32,1
98,32,1
4,33,1
20,33,1
21,33,1
30,33,1
47,33,-1
55,33,1
64,33,1
71,33,1
75,33,-1
81,33,1
97,33,-1
18,34,1
35,34,-1
36,34,1
37,34,1
56,34,1
58,34,1
66,34,1
72,34,1
73,34,-1
83,34,-1
98,34,1
100,34,1
15,35,-1
29,35,1
49,35,1
53,35,1
56,35,1
57,35,1
60,35,-1
70,35,1
73,35,-1
77,35,1
86,35,-1
16,36,1
29,36,1
34,36,1
37,36,1
41,36,1
53,36,1
56,36,1
69,36,1
72,36,1
83,36,-1
85,36,1
93,36,1
100,36,1
9,37,-1
16,37,1
27,37,1
34,37,1
36,37,1
46,37,1
58,37,1
59,37,1
60,37,-1
69,37,1
70,37,1
86,37,-1
100,37,1
1,38,1
35,38,-1
39,38,-1
41,38,1
43,38,-1
49,38,1
77,38,1
87,38,1
90,38,1
96,38,1
7,39,1
31,39,1
38,39,-1
44,39,1
49,39,1
55,39,1
65,39,1
67,39,1
69,39,1
79,39,1
87,39,1
91,39,1
15,40,-1
17,40,1
20,40,1
21,40,1
31,40,1
39,40,-1
43,40,-1
48,40,-1
52,40,1
54,40,-1
67,40,1
71,40,1
75,40,-1
82,40,1
84,40,1
87,40,1
89,40,1
91,40,1
2,41,1
10,41,-1
16,41,1
17,41,1
45,41,1
72,41,1
83,41,-1
90,41,1
100,41,1
10,42,-1
13,42,1
26,42,1
29,42,1
33,42,-1
60,42,-1
68,42,1
71,42,1
76,42,1
78,42,1
87,42,1
15,43,-1
17,43,1
23,43,1
28,43,1
35,43,-1
40,43,1
46,43,1
50,43,1
56,43,1
57,43,1
67,43,1
73,43,-1
77,43,1
82,43,1
84,43,1
87,43,1
88,43,-1
90,43,1
95,43,1
2,44,1
3,44,1
7,44,1
8,44,-1
22,44,-1
38,44,-1
39,44,-1
49,44,1
50,44,1
62,44,1
63,44,1
80,44,1
85,44,1
98,44,1
2,45,1
10,45,-1
16,45,1
25,45,1
32,45,1
41,45,1
55,45,1
58,45,1
60,45,-1
68,45,1
76,45,1
78,45,1
11,46,1
16,46,1
25,46,1
27,46,1
36,46,1
37,46,1
40,46,1
41,46,1
55,46,1
83,46,-1
85,46,1
88,46,-1
93,46,1
3,47,1
11,47,1
20,47,1
24,47,1
30,47,1
50,47,1
62,47,1
64,47,1
75,47,-1
79,47,1
81,47,1
97,47,-1
21,48,1
29,48,1
89,48,1
91,48,1
92,48,1
20,49,1
38,49,-1
39,49,-1
44,49,1
52,49,1
53,49,1
54,49,-1
56,49,1
79,49,1
80,49,1
87,49,1
3,50,1
7,50,1
11,50,1
30,50,1
39,50,-1
44,50,1
47,50,-1
49,50,1
63,50,1
65,50,1
69,50,1
73,50,-1
79,50,1
87,50,1
97,50,-1
4,51,1
12,51,1
19,51,1
21,51,1
22,51,-1
48,51,-1
52,51,1
54,51,-1
73,51,-1
89,51,1
90,51,1
91,51,1
92,51,1
95,51,1
99,51,-1
4,52,1
6,52,-1
8,52,-1
28,52,1
51,52,1
54,52,-1
73,52,-1
80,52,1
89,52,1
91,52,1
95,52,1
99,52,-1
5,53,1
6,53,-1
7,53,1
15,53,-1
16,53,1
34,53,1
35,53,-1
36,53,1
39,53,-1
55,53,1
56,53,1
57,53,1
65,53,1
86,53,-1
87,53,1
93,53,1
100,53,1
12,54,1
14,54,1
17,54,1
19,54,1
21,54,1
39,54,-1
52,54,1
80,54,1
87,54,1
90,54,1
95,54,1
96,54,1
11,55,1
24,55,1
29,55,1
30,55,1
35,55,-1
36,55,1
47,55,-1
50,55,1
56,55,1
57,55,1
64,55,1
71,55,1
76,55,1
8,56,-1
15,56,-1
27,56,1
35,56,-1
53,56,1
57,56,1
70,56,1
72,56,1
73,56,-1
77,56,1
82,56,1
86,56,-1
92,56,1
93,56,1
97,56,-1
26,57,1
35,57,-1
36,57,1
49,57,1
56,57,1
70,57,1
72,57,1
86,57,-1
16,58,1
27,58,1
34,58,1
36,58,1
44,58,1
46,58,1
72,58,1
83,58,-1
85,58,1
86,58,-1
88,58,-1
100,58,1
5,59,1
6,59,-1
14,59,1
19,59,1
34,59,1
41,59,1
46,59,1
54,59,-1
60,59,-1
61,59,1
74,59,1
80,59,1
88,59,-1
5,60,1
6,60,-1
9,60,-1
10,60,-1
27,60,1
32,60,1
35,60,-1
45,60,1
46,60,1
53,60,1
56,60,1
57,60,1
76,60,1
78,60,1
86,60,-1
93,60,1
5,61,1
6,61,-1
9,61,-1
10,61,-1
13,61,1
14,61,1
18,61,1
32,61,1
54,61,-1
59,61,1
73,61,-1
94,61,1
8,62,-1
11,62,1
13,62,1
20,62,1
22,62,-1
24,62,1
31,62,1
44,62,1
47,62,-1
64,62,1
65,62,1
68,62,1
74,62,1
75,62,-1
81,62,1
3,63,1
12,63,1
22,63,-1
32,63,1
38,63,-1
39,63,-1
44,63,1
45,63,1
49,63,1
62,63,1
65,63,1
79,63,1
85,63,1
87,63,1
95,63,1
98,63,1
11,64,1
13,64,1
20,64,1
24,64,1
30,64,1
42,64,1
47,64,-1
53,64,1
55,64,1
69,64,1
73,64,-1
83,64,-1
97,64,-1
20,65,1
38,65,-1
47,65,-1
49,65,1
63,65,1
77,65,1
79,65,1
13,66,1
20,66,1
23,66,1
25,66,1
26,66,1
34,66,1
38,66,-1
46,66,1
58,66,1
61,66,1
83,66,-1
85,66,1
96,66,1
97,66,-1
99,66,-1
17,67,1
21,67,1
28,67,1
43,67,-1
54,67,-1
70,67,1
82,67,1
84,67,1
91,67,1
92,67,1
1,68,1
2,68,1
8,68,-1
10,68,-1
22,68,-1
25,68,1
32,68,1
41,68,1
62,68,1
63,68,1
80,68,1
84,68,1
92,68,1
11,69,1
13,69,1
20,69,1
24,69,1
27,69,1
29,69,1
30,69,1
33,69,-1
42,69,1
47,69,-1
49,69,1
55,69,1
90,69,1
93,69,1
96,69,1
35,70,-1
43,70,-1
53,70,1
56,70,1
72,70,1
75,70,-1
82,70,1
86,70,-1
87,70,1
92,70,1
100,70,1
17,71,1
20,71,1
23,71,1
26,71,1
29,71,1
42,71,1
52,71,1
54,71,-1
66,71,1
78,71,1
87,71,1
93,71,1
34,72,1
36,72,1
37,72,1
58,72,1
70,72,1
74,72,1
77,72,1
83,72,-1
85,72,1
86,72,-1
88,72,-1
100,72,1
25,73,1
32,73,1
34,73,1
36,73,1
49,73,1
60,73,-1
93,73,1
97,73,-1
98,73,1
99,73,-1
13,74,1
20,74,1
27,74,1
32,74,1
37,74,1
47,74,-1
48,74,-1
58,74,1
64,74,1
69,74,1
75,74,-1
81,74,1
91,74,1
100,74,1
4,75,1
8,75,-1
13,75,1
15,75,-1
21,75,1
22,75,-1
28,75,1
31,75,1
62,75,1
74,75,1
76,75,1
81,75,1
82,75,1
89,75,1
99,75,-1
10,76,-1
13,76,1
25,76,1
28,76,1
32,76,1
33,76,-1
47,76,-1
64,76,1
73,76,-1
74,76,1
97,76,-1
98,76,1
99,76,-1
1,77,1
3,77,1
23,77,1
38,77,-1
39,77,-1
41,77,1
43,77,-1
50,77,1
63,77,1
65,77,1
70,77,1
87,77,1
90,77,1
95,77,1
10,78,-1
25,78,1
29,78,1
41,78,1
42,78,1
45,78,1
60,78,-1
71,78,1
86,78,-1
7,79,1
14,79,1
26,79,1
38,79,-1
39,79,-1
42,79,1
44,79,1
50,79,1
63,79,1
65,79,1
71,79,1
77,79,1
80,79,1
87,79,1
96,79,1
8,80,-1
12,80,1
19,80,1
21,80,1
49,80,1
52,80,1
54,80,-1
59,80,1
63,80,1
73,80,-1
84,80,1
88,80,-1
95,80,1
11,81,1
13,81,1
20,81,1
21,81,1
24,81,1
30,81,1
42,81,1
47,81,-1
62,81,1
64,81,1
69,81,1
75,81,-1
76,81,1
95,81,1
15,82,-1
17,82,1
23,82,1
28,82,1
31,82,1
40,82,1
43,82,-1
67,82,1
70,82,1
71,82,1
75,82,-1
84,82,1
87,82,1
91,82,1
92,82,1
9,83,-1
27,83,1
34,83,1
37,83,1
44,83,1
53,83,1
58,83,1
59,83,1
61,83,1
63,83,1
66,83,1
85,83,1
86,83,-1
88,83,-1
98,83,1
8,84,-1
21,84,1
22,84,-1
28,84,1
43,84,-1
53,84,1
67,84,1
68,84,1
70,84,1
82,84,1
93,84,1
2,85,1
7,85,1
27,85,1
32,85,1
34,85,1
45,85,1
53,85,1
72,85,1
83,85,-1
88,85,-1
98,85,1
100,85,1
15,86,-1
35,86,-1
36,86,1
53,86,1
57,86,1
59,86,1
62,86,1
95,86,1
3,87,1
17,87,1
21,87,1
23,87,1
31,87,1
39,87,-1
65,87,1
71,87,1
77,87,1
79,87,1
91,87,1
12,88,1
14,88,1
19,88,1
41,88,1
46,88,1
54,88,-1
59,88,1
66,88,1
83,88,-1
85,88,1
87,88,1
6,89,-1
10,89,-1
13,89,1
17,89,1
18,89,1
21,89,1
22,89,-1
23,89,1
25,89,1
41,89,1
51,89,1
54,89,-1
67,89,1
71,89,1
74,89,1
75,89,-1
81,89,1
90,89,1
91,89,1
92,89,1
95,89,1
99,89,-1
1,90,1
14,90,1
15,90,-1
17,90,1
41,90,1
43,90,-1
49,90,1
96,90,1
100,90,1
17,91,1
39,91,-1
40,91,1
48,91,-1
54,91,-1
67,91,1
92,91,1
94,91,1
95,91,1
99,91,-1
4,92,1
17,92,1
22,92,-1
23,92,1
31,92,1
40,92,1
43,92,-1
48,92,-1
67,92,1
89,92,1
90,92,1
91,92,1
95,92,1
99,92,-1
8,93,-1
27,93,1
34,93,1
35,93,-1
57,93,1
99,93,-1
1,94,1
2,94,1
3,94,1
7,94,1
9,94,-1
22,94,-1
32,94,1
63,94,1
68,94,1
73,94,-1
90,94,1
93,94,1
1,95,1
10,95,-1
32,95,1
46,95,1
51,95,1
52,95,1
54,95,-1
73,95,-1
77,95,1
90,95,1
14,96,1
26,96,1
30,96,1
41,96,1
49,96,1
61,96,1
65,96,1
66,96,1
88,96,-1
90,96,1
11,97,1
18,97,1
20,97,1
30,97,1
33,97,-1
34,97,1
45,97,1
55,97,1
58,97,1
59,97,1
81,97,1
2,98,1
9,98,-1
32,98,1
37,98,1
45,98,1
49,98,1
60,98,-1
85,98,1
88,98,-1
94,98,1
95,98,1
1,99,1
22,99,-1
23,99,1
25,99,1
34,99,1
51,99,1
61,99,1
66,99,1
68,99,1
89,99,1
90,99,1
92,99,1
98,99,1
34,100,1
36,100,1
37,100,1
56,100,1
72,100,1
83,100,-1
85,100,1
88,100,-1
93,100,1
