3,1,1
14,1,1
37,1,1
43,1,1
52,1,-1
55,1,1
60,1,-1
68,1,-1
92,1,1
12,2,1
18,2,1
22,2,-1
24,2,1
39,2,1
44,2,-1
48,2,1
55,2,1
67,2,-1
68,2,-1
76,2,1
85,2,-1
95,2,1
6,3,1
18,3,1
24,3,1
28,3,1
55,3,1
58,3,1
59,3,1
62,3,1
70,3,1
73,3,-1
83,3,1
87,3,1
97,3,1
100,3,1
3,4,1
17,4,1
18,4,1
23,4,1
48,4,1
57,4,1
60,4,-1
64,4,1
70,4,1
72,4,-1
83,4,1
90,4,1
96,4,1
98,4,1
2,5,1
6,5,1
8,5,1
17,5,1
20,5,1
23,5,1
28,5,1
38,5,1
39,5,1
41,5,1
42,5,1
47,5,1
50,5,1
54,5,1
56,5,1
65,5,1
26,6,1
30,6,1
37,6,1
39,6,1
44,6,-1
51,6,1
60,6,-1
69,6,1
72,6,-1
80,6,1
86,6,1
90,6,1
96,6,1
100,6,1
2,7,1
6,7,1
9,7,1
20,7,1
22,7,-1
24,7,1
35,7,1
44,7,-1
61,7,1
67,7,-1
75,7,-1
100,7,1
13,8,1
37,8,1
41,8,1
47,8,1
66,8,1
76,8,1
78,8,1
80,8,1
82,8,1
98,8,1
1,9,1
2,9,1
16,9,-1
24,9,1
29,9,1
33,9,1
56,9,1
59,9,1
71,9,1
74,9,1
81,9,1
83,9,1
85,9,-1
86,9,1
90,9,1
93,9,1
20,10,1
23,10,1
34,10,1
43,10,1
55,10,1
58,10,1
76,10,1
89,10,-1
8,11,1
22,11,-1
37,11,1
62,11,1
69,11,1
76,11,1
95,11,1
6,12,1
17,12,1
32,12,1
63,12,1
77,12,1
83,12,1
90,12,1
95,12,1
18,13,1
24,13,1
28,13,1
33,13,1
34,13,1
38,13,1
41,13,1
48,13,1
49,13,1
51,13,1
57,13,1
59,13,1
60,13,-1
79,13,1
91,13,1
96,13,1
21,14,1
24,14,1
26,14,1
30,14,1
34,14,1
49,14,1
55,14,1
64,14,1
86,14,1
30,15,1
44,15,-1
77,15,1
78,15,1
82,15,1
89,15,-1
95,15,1
97,15,1
25,16,1
56,16,1
62,16,1
65,16,1
67,16,-1
82,16,1
96,16,1
99,16,1
100,16,1
9,17,1
10,17,-1
18,17,1
23,17,1
36,17,1
37,17,1
42,17,1
59,17,1
64,17,1
66,17,1
74,17,1
80,17,1
82,17,1
94,17,1
95,17,1
2,18,1
11,18,1
13,18,1
17,18,1
26,18,1
34,18,1
38,18,1
45,18,-1
57,18,1
69,18,1
72,18,-1
76,18,1
79,18,1
81,18,1
94,18,1
4,19,1
5,19,1
34,19,1
38,19,1
59,19,1
77,19,1
81,19,1
86,19,1
10,20,-1
16,20,-1
31,20,1
34,20,1
42,20,1
49,20,1
67,20,-1
74,20,1
80,20,1
90,20,1
93,20,1
99,20,1
17,21,1
18,21,1
19,21,1
25,21,1
28,21,1
30,21,1
33,21,1
34,21,1
41,21,1
45,21,-1
46,21,1
60,21,-1
65,21,1
68,21,-1
73,21,-1
88,21,-1
90,21,1
100,21,1
6,22,1
7,22,-1
8,22,1
12,22,1
14,22,1
26,22,1
31,22,1
40,22,1
48,22,1
50,22,1
62,22,1
84,22,1
92,22,1
100,22,1
18,23,1
21,23,1
22,23,-1
32,23,1
35,23,1
47,23,1
49,23,1
68,23,-1
78,23,1
5,24,1
14,24,1
23,24,1
26,24,1
55,24,1
56,24,1
67,24,-1
78,24,1
99,24,1
32,25,1
35,25,1
46,25,1
62,25,1
65,25,1
74,25,1
75,25,-1
78,25,1
91,25,1
1,26,1
5,26,1
16,26,-1
19,26,1
21,26,1
29,26,1
32,26,1
37,26,1
40,26,1
51,26,1
52,26,-1
57,26,1
73,26,-1
75,26,-1
3,27,1
18,27,1
22,27,-1
23,27,1
26,27,1
30,27,1
48,27,1
57,27,1
58,27,1
59,27,1
60,27,-1
62,27,1
69,27,1
70,27,1
90,27,1
95,27,1
96,27,1
2,28,1
11,28,1
14,28,1
29,28,1
32,28,1
38,28,1
61,28,1
62,28,1
64,28,1
8,29,1
25,29,1
27,29,1
40,29,1
44,29,-1
54,29,1
85,29,-1
95,29,1
97,29,1
98,29,1
100,29,1
16,30,-1
21,30,1
38,30,1
46,30,1
57,30,1
63,30,1
76,30,1
3,31,1
16,31,-1
22,31,-1
24,31,1
28,31,1
33,31,1
43,31,1
45,31,-1
49,31,1
54,31,1
58,31,1
65,31,1
66,31,1
74,31,1
92,31,1
99,31,1
9,32,1
12,32,1
15,32,1
25,32,1
39,32,1
56,32,1
64,32,1
71,32,1
88,32,-1
24,33,1
31,33,1
39,33,1
64,33,1
66,33,1
69,33,1
81,33,1
88,33,-1
97,33,1
98,33,1
5,34,1
6,34,1
9,34,1
16,34,-1
29,34,1
36,34,1
44,34,-1
45,34,-1
49,34,1
91,34,1
100,34,1
2,35,1
5,35,1
9,35,1
16,35,-1
36,35,1
51,35,1
58,35,1
71,35,1
72,35,-1
78,35,1
84,35,1
86,35,1
5,36,1
9,36,1
10,36,-1
23,36,1
30,36,1
39,36,1
44,36,-1
58,36,1
75,36,-1
1,37,1
22,37,-1
36,37,1
38,37,1
45,37,-1
53,37,1
64,37,1
79,37,1
86,37,1
89,37,-1
95,37,1
99,37,1
1,38,1
14,38,1
17,38,1
20,38,1
22,38,-1
29,38,1
45,38,-1
49,38,1
55,38,1
62,38,1
66,38,1
82,38,1
88,38,-1
8,39,1
21,39,1
26,39,1
27,39,1
29,39,1
36,39,1
46,39,1
72,39,-1
84,39,1
87,39,1
3,40,1
4,40,1
10,40,-1
14,40,1
38,40,1
43,40,1
45,40,-1
59,40,1
64,40,1
68,40,-1
72,40,-1
78,40,1
97,40,1
10,41,-1
39,41,1
46,41,1
81,41,1
82,41,1
83,41,1
99,41,1
10,42,-1
12,42,1
14,42,1
15,42,1
21,42,1
23,42,1
29,42,1
46,42,1
51,42,1
59,42,1
77,42,1
1,43,1
2,43,1
11,43,1
29,43,1
35,43,1
80,43,1
84,43,1
88,43,-1
93,43,1
100,43,1
4,44,1
20,44,1
32,44,1
40,44,1
51,44,1
58,44,1
61,44,1
69,44,1
73,44,-1
86,44,1
8,45,1
12,45,1
15,45,1
27,45,1
46,45,1
51,45,1
52,45,-1
53,45,1
56,45,1
58,45,1
60,45,-1
68,45,-1
69,45,1
70,45,1
75,45,-1
83,45,1
90,45,1
2,46,1
13,46,1
16,46,-1
21,46,1
27,46,1
35,46,1
68,46,-1
74,46,1
82,46,1
87,46,1
89,46,-1
98,46,1
1,47,1
4,47,1
13,47,1
14,47,1
17,47,1
26,47,1
32,47,1
35,47,1
44,47,-1
51,47,1
56,47,1
65,47,1
67,47,-1
82,47,1
99,47,1
5,48,1
11,48,1
18,48,1
22,48,-1
28,48,1
40,48,1
45,48,-1
51,48,1
53,48,1
55,48,1
56,48,1
82,48,1
4,49,1
8,49,1
14,49,1
17,49,1
35,49,1
41,49,1
46,49,1
48,49,1
59,49,1
68,49,-1
78,49,1
87,49,1
88,49,-1
94,49,1
1,50,1
3,50,1
4,50,1
21,50,1
27,50,1
34,50,1
35,50,1
37,50,1
40,50,1
72,50,-1
94,50,1
95,50,1
96,50,1
97,50,1
98,50,1
99,50,1
6,51,1
17,51,1
21,51,1
35,51,1
44,51,-1
49,51,1
61,51,1
72,51,-1
73,51,-1
78,51,1
80,51,1
94,51,1
95,51,1
1,52,1
6,52,1
15,52,1
20,52,1
55,52,1
85,52,-1
90,52,1
19,53,1
28,53,1
36,53,1
47,53,1
66,53,1
71,53,1
72,53,-1
85,53,-1
95,53,1
4,54,1
5,54,1
14,54,1
29,54,1
39,54,1
52,54,-1
64,54,1
79,54,1
93,54,1
96,54,1
97,54,1
4,55,1
13,55,1
19,55,1
27,55,1
36,55,1
37,55,1
46,55,1
51,55,1
54,55,1
60,55,-1
75,55,-1
15,56,1
19,56,1
21,56,1
26,56,1
29,56,1
35,56,1
44,56,-1
50,56,1
59,56,1
3,57,1
8,57,1
30,57,1
32,57,1
33,57,1
34,57,1
38,57,1
41,57,1
51,57,1
56,57,1
58,57,1
59,57,1
65,57,1
66,57,1
68,57,-1
86,57,1
90,57,1
2,58,1
5,58,1
22,58,-1
36,58,1
39,58,1
43,58,1
49,58,1
59,58,1
64,58,1
73,58,-1
77,58,1
94,58,1
96,58,1
6,59,1
12,59,1
15,59,1
21,59,1
37,59,1
45,59,-1
53,59,1
60,59,-1
62,59,1
67,59,-1
77,59,1
85,59,-1
95,59,1
96,59,1
97,59,1
1,60,1
6,60,1
21,60,1
33,60,1
34,60,1
36,60,1
42,60,1
47,60,1
50,60,1
51,60,1
57,60,1
61,60,1
62,60,1
67,60,-1
71,60,1
77,60,1
84,60,1
89,60,-1
96,60,1
29,61,1
30,61,1
33,61,1
35,61,1
49,61,1
55,61,1
57,61,1
66,61,1
72,61,-1
86,61,1
90,61,1
91,61,1
4,62,1
9,62,1
30,62,1
31,62,1
33,62,1
41,62,1
46,62,1
47,62,1
48,62,1
63,62,1
73,62,-1
84,62,1
86,62,1
91,62,1
31,63,1
36,63,1
54,63,1
92,63,1
12,64,1
20,64,1
28,64,1
34,64,1
48,64,1
59,64,1
69,64,1
73,64,-1
78,64,1
86,64,1
87,64,1
89,64,-1
8,65,1
27,65,1
37,65,1
47,65,1
50,65,1
55,65,1
59,65,1
85,65,-1
98,65,1
9,66,1
23,66,1
40,66,1
50,66,1
62,66,1
87,66,1
90,66,1
95,66,1
2,67,1
5,67,1
19,67,1
22,67,-1
23,67,1
24,67,1
28,67,1
29,67,1
40,67,1
47,67,1
55,67,1
60,67,-1
80,67,1
86,67,1
87,67,1
95,67,1
98,67,1
99,67,1
100,67,1
4,68,1
5,68,1
36,68,1
78,68,1
88,68,-1
89,68,-1
94,68,1
4,69,1
11,69,1
27,69,1
29,69,1
38,69,1
51,69,1
58,69,1
63,69,1
67,69,-1
78,69,1
80,69,1
85,69,-1
92,69,1
95,69,1
5,70,1
10,70,-1
26,70,1
29,70,1
33,70,1
43,70,1
52,70,-1
53,70,1
62,70,1
65,70,1
74,70,1
79,70,1
80,70,1
93,70,1
21,71,1
26,71,1
35,71,1
37,71,1
39,71,1
57,71,1
60,71,-1
69,71,1
76,71,1
5,72,1
12,72,1
16,72,-1
17,72,1
18,72,1
21,72,1
22,72,-1
24,72,1
27,72,1
31,72,1
48,72,1
53,72,1
54,72,1
61,72,1
66,72,1
73,72,-1
74,72,1
80,72,1
94,72,1
8,73,1
17,73,1
23,73,1
24,73,1
31,73,1
32,73,1
33,73,1
37,73,1
46,73,1
53,73,1
56,73,1
57,73,1
64,73,1
77,73,1
81,73,1
91,73,1
16,74,-1
32,74,1
45,74,-1
47,74,1
60,74,-1
64,74,1
69,74,1
70,74,1
77,74,1
80,74,1
92,74,1
2,75,1
3,75,1
7,75,-1
23,75,1
40,75,1
47,75,1
50,75,1
57,75,1
76,75,1
82,75,1
84,75,1
90,75,1
94,75,1
95,75,1
96,75,1
100,75,1
4,76,1
19,76,1
20,76,1
27,76,1
44,76,-1
54,76,1
57,76,1
74,76,1
83,76,1
1,77,1
10,77,-1
15,77,1
28,77,1
35,77,1
38,77,1
48,77,1
85,77,-1
97,77,1
99,77,1
2,78,1
7,78,-1
8,78,1
12,78,1
13,78,1
17,78,1
27,78,1
34,78,1
53,78,1
69,78,1
74,78,1
82,78,1
83,78,1
88,78,-1
91,78,1
1,79,1
8,79,1
10,79,-1
11,79,1
14,79,1
17,79,1
23,79,1
29,79,1
35,79,1
61,79,1
63,79,1
68,79,-1
73,79,-1
14,80,1
32,80,1
33,80,1
40,80,1
41,80,1
55,80,1
56,80,1
63,80,1
67,80,-1
74,80,1
4,81,1
5,81,1
16,81,-1
20,81,1
27,81,1
75,81,-1
78,81,1
83,81,1
88,81,-1
99,81,1
2,82,1
4,82,1
9,82,1
28,82,1
29,82,1
32,82,1
51,82,1
53,82,1
69,82,1
73,82,-1
76,82,1
93,82,1
100,82,1
1,83,1
4,83,1
14,83,1
21,83,1
24,83,1
36,83,1
37,83,1
67,83,-1
86,83,1
89,83,-1
95,83,1
97,83,1
14,84,1
18,84,1
22,84,-1
31,84,1
41,84,1
44,84,-1
55,84,1
66,84,1
91,84,1
94,84,1
5,85,1
10,85,-1
11,85,1
14,85,1
24,85,1
27,85,1
32,85,1
38,85,1
40,85,1
44,85,-1
46,85,1
47,85,1
48,85,1
49,85,1
54,85,1
60,85,-1
66,85,1
72,85,-1
75,85,-1
87,85,1
97,85,1
11,86,1
13,86,1
35,86,1
54,86,1
56,86,1
64,86,1
75,86,-1
80,86,1
81,86,1
83,86,1
4,87,1
6,87,1
7,87,-1
25,87,1
26,87,1
30,87,1
60,87,-1
70,87,1
77,87,1
85,87,-1
94,87,1
2,88,1
37,88,1
39,88,1
60,88,-1
61,88,1
87,88,1
99,88,1
5,89,1
11,89,1
13,89,1
14,89,1
15,89,1
26,89,1
27,89,1
36,89,1
37,89,1
40,89,1
46,89,1
51,89,1
66,89,1
70,89,1
76,89,1
83,89,1
2,90,1
5,90,1
19,90,1
22,90,-1
34,90,1
48,90,1
51,90,1
52,90,-1
56,90,1
70,90,1
80,90,1
81,90,1
89,90,-1
92,90,1
94,90,1
96,90,1
19,91,1
47,91,1
61,91,1
6,92,1
11,92,1
17,92,1
20,92,1
24,92,1
40,92,1
42,92,1
45,92,-1
47,92,1
50,92,1
55,92,1
56,92,1
77,92,1
82,92,1
90,92,1
95,92,1
100,92,1
2,93,1
52,93,-1
54,93,1
61,93,1
73,93,-1
77,93,1
94,93,1
100,93,1
1,94,1
9,94,1
10,94,-1
12,94,1
22,94,-1
53,94,1
59,94,1
65,94,1
67,94,-1
76,94,1
80,94,1
88,94,-1
90,94,1
91,94,1
93,94,1
97,94,1
99,94,1
13,95,1
17,95,1
19,95,1
20,95,1
26,95,1
27,95,1
49,95,1
63,95,1
65,95,1
91,95,1
15,96,1
24,96,1
32,96,1
60,96,-1
63,96,1
90,96,1
100,96,1
8,97,1
22,97,-1
33,97,1
53,97,1
59,97,1
62,97,1
64,97,1
68,97,-1
70,97,1
73,97,-1
78,97,1
86,97,1
100,97,1
1,98,1
8,98,1
14,98,1
15,98,1
18,98,1
19,98,1
24,98,1
30,98,1
34,98,1
41,98,1
43,98,1
44,98,-1
51,98,1
64,98,1
70,98,1
75,98,-1
76,98,1
83,98,1
88,98,-1
92,98,1
3,99,1
11,99,1
15,99,1
27,99,1
37,99,1
42,99,1
45,99,-1
49,99,1
63,99,1
67,99,-1
85,99,-1
23,100,1
36,100,1
37,100,1
48,100,1
65,100,1
71,100,1
72,100,-1
86,100,1
91,100,1
