2,1,-1
8,1,1
12,1,1
17,1,-1
21,1,1
48,1,1
58,1,1
62,1,1
64,1,-1
80,1,1
82,1,1
96,1,1
1,2,1
21,2,1
23,2,1
24,2,1
32,2,1
34,2,1
39,2,1
49,2,1
62,2,1
65,2,1
88,2,1
6,3,1
10,3,1
49,3,1
57,3,1
77,3,1
91,3,1
98,3,-1
6,4,1
7,4,1
14,4,1
15,4,1
25,4,-1
43,4,1
47,4,-1
52,4,1
54,4,1
62,4,1
67,4,1
72,4,-1
79,4,-1
84,4,-1
7,5,1
8,5,1
10,5,1
11,5,1
22,5,1
26,5,1
35,5,1
40,5,-1
43,5,1
46,5,1
50,5,1
57,5,1
60,5,1
70,5,1
73,5,1
74,5,1
78,5,-1
1,6,1
3,6,1
14,6,1
15,6,1
20,6,1
25,6,-1
27,6,1
39,6,1
49,6,1
50,6,1
52,6,1
57,6,1
60,6,1
67,6,1
69,6,1
77,6,1
86,6,1
91,6,1
4,7,1
6,7,1
11,7,1
25,7,-1
27,7,1
31,7,-1
35,7,1
43,7,1
48,7,1
49,7,1
54,7,1
67,7,1
79,7,-1
87,7,1
4,8,1
5,8,1
11,8,1
12,8,1
22,8,1
24,8,1
31,8,-1
35,8,1
37,8,-1
45,8,1
46,8,1
48,8,1
66,8,1
70,8,1
81,8,1
88,8,1
1,9,1
17,9,-1
23,9,1
32,9,1
45,9,1
58,9,1
60,9,1
64,9,-1
68,9,-1
73,9,1
74,9,1
82,9,1
89,9,1
3,10,1
30,10,1
35,10,1
43,10,1
44,10,-1
49,10,1
60,10,1
63,10,1
65,10,1
91,10,1
93,10,1
97,10,1
99,10,1
100,10,1
5,11,1
8,11,1
14,11,1
22,11,1
34,11,1
35,11,1
40,11,-1
46,11,1
50,11,1
99,11,1
9,12,1
17,12,-1
22,12,1
23,12,1
28,12,1
37,12,-1
43,12,1
60,12,1
61,12,1
73,12,1
78,12,-1
81,12,1
86,12,1
96,12,1
1,13,1
2,13,-1
21,13,1
23,13,1
38,13,1
51,13,1
62,13,1
71,13,-1
78,13,-1
80,13,1
84,13,-1
4,14,1
15,14,1
25,14,-1
29,14,1
41,14,1
47,14,-1
58,14,1
67,14,1
79,14,-1
80,14,1
84,14,-1
6,15,1
14,15,1
16,15,1
28,15,1
29,15,1
33,15,1
42,15,1
54,15,1
61,15,1
79,15,-1
83,15,1
87,15,1
92,15,1
21,16,1
26,16,1
31,16,-1
37,16,-1
38,16,1
41,16,1
43,16,1
51,16,1
56,16,-1
75,16,1
79,16,-1
80,16,1
81,16,1
87,16,1
94,16,1
99,16,1
1,17,1
2,17,-1
13,17,1
21,17,1
23,17,1
24,17,1
32,17,1
58,17,1
61,17,1
62,17,1
68,17,-1
78,17,-1
82,17,1
84,17,-1
9,18,1
13,18,1
16,18,1
38,18,1
40,18,-1
41,18,1
51,18,1
56,18,-1
61,18,1
71,18,-1
75,18,1
81,18,1
85,18,1
98,18,-1
5,19,1
8,19,1
11,19,1
12,19,1
30,19,1
37,19,-1
44,19,-1
48,19,1
57,19,1
58,19,1
60,19,1
70,19,1
86,19,1
89,19,1
95,19,1
96,19,1
7,20,1
13,20,1
18,20,-1
27,20,1
31,20,-1
40,20,-1
49,20,1
57,20,1
61,20,1
73,20,1
76,20,-1
91,20,1
95,20,1
1,21,1
2,21,-1
13,21,1
18,21,-1
23,21,1
24,21,1
71,21,-1
80,21,1
85,21,1
90,21,1
11,22,1
19,22,1
26,22,1
30,22,1
37,22,-1
43,22,1
46,22,1
66,22,1
69,22,1
70,22,1
75,22,1
81,22,1
1,23,1
2,23,-1
13,23,1
21,23,1
24,23,1
33,23,1
60,23,1
62,23,1
80,23,1
85,23,1
89,23,1
90,23,1
1,24,1
2,24,-1
11,24,1
23,24,1
34,24,1
62,24,1
65,24,1
68,24,-1
72,24,-1
79,24,-1
84,24,-1
90,24,1
94,24,1
4,25,1
6,25,1
7,25,1
27,25,1
47,25,-1
52,25,1
54,25,1
62,25,1
67,25,1
72,25,-1
77,25,1
79,25,-1
92,25,1
20,26,1
37,26,-1
52,26,1
56,26,-1
70,26,1
73,26,1
74,26,1
75,26,1
79,26,-1
3,27,1
7,27,1
20,27,1
49,27,1
53,27,1
64,27,-1
89,27,1
93,27,1
98,27,-1
1,28,1
15,28,1
20,28,1
27,28,1
29,28,1
32,28,1
33,28,1
44,28,-1
57,28,1
61,28,1
64,28,-1
77,28,1
83,28,1
86,28,1
87,28,1
9,29,1
17,29,-1
27,29,1
41,29,1
59,29,1
61,29,1
79,29,-1
83,29,1
12,30,1
18,30,-1
24,30,1
35,30,1
36,30,-1
37,30,-1
49,30,1
65,30,1
66,30,1
81,30,1
92,30,1
95,30,1
97,30,1
100,30,1
4,31,1
13,31,1
18,31,-1
26,31,1
41,31,1
51,31,1
78,31,-1
81,31,1
87,31,1
1,32,1
9,32,1
12,32,1
64,32,-1
96,32,1
10,33,1
14,33,1
24,33,1
30,33,1
34,33,1
35,33,1
36,33,-1
42,33,1
63,33,1
84,33,-1
90,33,1
8,34,1
23,34,1
24,34,1
30,34,1
42,34,1
50,34,1
55,34,1
65,34,1
66,34,1
68,34,-1
84,34,-1
85,34,1
90,34,1
92,34,1
5,35,1
8,35,1
10,35,1
36,35,-1
47,35,-1
50,35,1
52,35,1
63,35,1
84,35,-1
97,35,1
98,35,-1
10,36,1
33,36,1
63,36,1
68,36,-1
83,36,1
93,36,1
97,36,1
100,36,1
5,37,1
11,37,1
19,37,1
22,37,1
31,37,-1
44,37,-1
54,37,1
59,37,1
66,37,1
70,37,1
75,37,1
81,37,1
99,37,1
10,38,1
18,38,-1
31,38,-1
41,38,1
42,38,1
75,38,1
81,38,1
87,38,1
93,38,1
95,38,1
99,38,1
100,38,1
2,39,-1
3,39,1
20,39,1
45,39,1
58,39,1
76,39,-1
88,39,1
92,39,1
93,39,1
9,40,1
18,40,-1
27,40,1
35,40,1
39,40,1
45,40,1
49,40,1
50,40,1
64,40,-1
73,40,1
74,40,1
76,40,-1
77,40,1
89,40,1
98,40,-1
17,41,-1
26,41,1
29,41,1
31,41,-1
37,41,-1
43,41,1
50,41,1
61,41,1
75,41,1
78,41,-1
79,41,-1
87,41,1
96,41,1
99,41,1
30,42,1
34,42,1
39,42,1
45,42,1
50,42,1
52,42,1
68,42,-1
72,42,-1
83,42,1
85,42,1
90,42,1
92,42,1
18,43,-1
31,43,-1
35,43,1
37,43,-1
75,43,1
79,43,-1
81,43,1
93,43,1
12,44,1
19,44,1
20,44,1
27,44,1
46,44,1
54,44,1
60,44,1
64,44,-1
66,44,1
69,44,1
86,44,1
89,44,1
99,44,1
18,45,-1
20,45,1
39,45,1
41,45,1
69,45,1
74,45,1
76,45,-1
5,46,1
8,46,1
35,46,1
37,46,-1
40,46,-1
53,46,1
89,46,1
95,46,1
98,46,-1
99,46,1
4,47,1
25,47,-1
63,47,1
67,47,1
72,47,-1
1,48,1
6,48,1
7,48,1
12,48,1
27,48,1
35,48,1
50,48,1
54,48,1
77,48,1
6,49,1
9,49,1
39,49,1
53,49,1
57,49,1
58,49,1
65,49,1
67,49,1
88,49,1
89,49,1
91,49,1
96,49,1
100,49,1
5,50,1
6,50,1
7,50,1
8,50,1
35,50,1
52,50,1
57,50,1
60,50,1
67,50,1
13,51,1
18,51,-1
29,51,1
31,51,-1
37,51,-1
38,51,1
43,51,1
59,51,1
71,51,-1
75,51,1
78,51,-1
81,51,1
85,51,1
94,51,1
99,51,1
5,52,1
15,52,1
26,52,1
33,52,1
41,52,1
42,52,1
47,52,-1
50,52,1
54,52,1
56,52,-1
67,52,1
69,52,1
70,52,1
72,52,-1
73,52,1
3,53,1
5,53,1
6,53,1
7,53,1
20,53,1
27,53,1
35,53,1
40,53,-1
48,53,1
52,53,1
57,53,1
67,53,1
77,53,1
87,53,1
89,53,1
4,54,1
14,54,1
15,54,1
25,54,-1
29,54,1
46,54,1
47,54,-1
60,54,1
67,54,1
72,54,-1
79,54,-1
11,55,1
16,55,1
23,55,1
26,55,1
42,55,1
80,55,1
85,55,1
90,55,1
94,55,1
8,56,1
20,56,1
26,56,1
31,56,-1
49,56,1
52,56,1
55,56,1
69,56,1
78,56,-1
81,56,1
89,56,1
95,56,1
6,57,1
27,57,1
61,57,1
64,57,-1
86,57,1
88,57,1
91,57,1
96,57,1
1,58,1
9,58,1
17,58,-1
23,58,1
32,58,1
39,58,1
40,58,-1
45,58,1
60,58,1
69,58,1
71,58,-1
73,58,1
74,58,1
76,58,-1
82,58,1
8,59,1
19,59,1
31,59,-1
37,59,-1
41,59,1
51,59,1
70,59,1
75,59,1
81,59,1
86,59,1
1,60,1
3,60,1
6,60,1
19,60,1
27,60,1
32,60,1
35,60,1
48,60,1
54,60,1
57,60,1
64,60,-1
89,60,1
95,60,1
96,60,1
27,61,1
41,61,1
73,61,1
76,61,-1
83,61,1
87,61,1
96,61,1
1,62,1
2,62,-1
4,62,1
13,62,1
17,62,-1
21,62,1
24,62,1
25,62,-1
32,62,1
51,62,1
65,62,1
68,62,-1
72,62,-1
80,62,1
82,62,1
84,62,-1
4,63,1
10,63,1
27,63,1
35,63,1
36,63,-1
47,63,-1
48,63,1
53,63,1
67,63,1
72,63,-1
77,63,1
93,63,1
97,63,1
100,63,1
4,64,1
12,64,1
27,64,1
28,64,1
86,64,1
89,64,1
96,64,1
1,65,1
2,65,-1
8,65,1
17,65,-1
24,65,1
33,65,1
37,65,-1
42,65,1
66,65,1
68,65,-1
88,65,1
24,66,1
34,66,1
37,66,-1
42,66,1
46,66,1
52,66,1
54,66,1
59,66,1
69,66,1
70,66,1
87,66,1
97,66,1
99,66,1
4,67,1
15,67,1
25,67,-1
35,67,1
47,67,-1
48,67,1
63,67,1
72,67,-1
79,67,-1
2,68,-1
21,68,1
24,68,1
30,68,1
32,68,1
33,68,1
34,68,1
80,68,1
82,68,1
88,68,1
92,68,1
6,69,1
9,69,1
14,69,1
18,69,-1
20,69,1
26,69,1
39,69,1
40,69,-1
45,69,1
50,69,1
56,69,-1
58,69,1
70,69,1
73,69,1
74,69,1
76,69,-1
82,69,1
91,69,1
92,69,1
8,70,1
11,70,1
12,70,1
19,70,1
22,70,1
26,70,1
31,70,-1
37,70,-1
46,70,1
56,70,-1
74,70,1
81,70,1
1,71,1
2,71,-1
51,71,1
75,71,1
78,71,-1
80,71,1
85,71,1
90,71,1
92,71,1
94,71,1
4,72,1
6,72,1
15,72,1
25,72,-1
47,72,-1
52,72,1
54,72,1
63,72,1
67,72,1
68,72,-1
77,72,1
79,72,-1
92,72,1
17,73,-1
18,73,-1
26,73,1
39,73,1
45,73,1
58,73,1
74,73,1
76,73,-1
12,74,1
26,74,1
56,74,-1
69,74,1
73,74,1
76,74,-1
89,74,1
16,75,1
18,75,-1
21,75,1
29,75,1
31,75,-1
37,75,-1
38,75,1
41,75,1
43,75,1
51,75,1
81,75,1
87,75,1
99,75,1
100,75,1
9,76,1
12,76,1
39,76,1
45,76,1
49,76,1
58,76,1
74,76,1
82,76,1
4,77,1
25,77,-1
27,77,1
32,77,1
47,77,-1
57,77,1
63,77,1
67,77,1
72,77,-1
86,77,1
91,77,1
96,77,1
16,78,1
18,78,-1
21,78,1
24,78,1
26,78,1
31,78,-1
51,78,1
55,78,1
59,78,1
71,78,-1
75,78,1
92,78,1
94,78,1
4,79,1
5,79,1
15,79,1
25,79,-1
26,79,1
31,79,-1
62,79,1
67,79,1
72,79,-1
74,79,1
87,79,1
17,80,-1
18,80,-1
23,80,1
51,80,1
55,80,1
62,80,1
78,80,-1
82,80,1
85,80,1
94,80,1
26,81,1
31,81,-1
37,81,-1
41,81,1
51,81,1
70,81,1
75,81,1
78,81,-1
99,81,1
2,82,-1
9,82,1
13,82,1
17,82,-1
21,82,1
23,82,1
32,82,1
39,82,1
45,82,1
58,82,1
62,82,1
73,82,1
74,82,1
76,82,-1
84,82,-1
85,82,1
93,82,1
15,83,1
27,83,1
29,83,1
31,83,-1
33,83,1
38,83,1
41,83,1
52,83,1
62,83,1
64,83,-1
79,83,-1
87,83,1
99,83,1
2,84,-1
21,84,1
23,84,1
25,84,-1
62,84,1
65,84,1
72,84,-1
82,84,1
85,84,1
13,85,1
21,85,1
33,85,1
55,85,1
62,85,1
68,85,-1
71,85,-1
80,85,1
90,85,1
3,86,1
15,86,1
27,86,1
28,86,1
32,86,1
57,86,1
77,86,1
89,86,1
96,86,1
9,87,1
29,87,1
41,87,1
57,87,1
61,87,1
83,87,1
2,88,-1
3,88,1
7,88,1
19,88,1
30,88,1
32,88,1
39,88,1
49,88,1
60,88,1
65,88,1
66,88,1
68,88,-1
91,88,1
93,88,1
12,89,1
40,89,-1
48,89,1
60,89,1
95,89,1
96,89,1
2,90,-1
21,90,1
30,90,1
34,90,1
55,90,1
68,90,-1
80,90,1
85,90,1
92,90,1
3,91,1
6,91,1
27,91,1
28,91,1
39,91,1
44,91,-1
49,91,1
53,91,1
57,91,1
58,91,1
60,91,1
64,91,-1
73,91,1
77,91,1
86,91,1
88,91,1
90,91,1
96,91,1
15,92,1
24,92,1
42,92,1
45,92,1
52,92,1
71,92,-1
72,92,-1
84,92,-1
85,92,1
90,92,1
94,92,1
3,93,1
10,93,1
14,93,1
15,93,1
33,93,1
35,93,1
36,93,-1
44,93,-1
65,93,1
68,93,-1
83,93,1
97,93,1
99,93,1
100,93,1
18,94,-1
21,94,1
38,94,1
42,94,1
55,94,1
71,94,-1
75,94,1
78,94,-1
80,94,1
85,94,1
90,94,1
92,94,1
12,95,1
18,95,-1
19,95,1
22,95,1
26,95,1
37,95,-1
54,95,1
56,95,-1
70,95,1
74,95,1
81,95,1
89,95,1
99,95,1
1,96,1
3,96,1
8,96,1
9,96,1
10,96,1
12,96,1
28,96,1
31,96,-1
32,96,1
48,96,1
57,96,1
58,96,1
60,96,1
64,96,-1
86,96,1
10,97,1
30,97,1
33,97,1
35,97,1
36,97,-1
42,97,1
43,97,1
93,97,1
99,97,1
7,98,1
10,98,1
35,98,1
36,98,-1
40,98,-1
48,98,1
49,98,1
53,98,1
63,98,1
77,98,1
86,98,1
97,98,1
100,98,1
5,99,1
30,99,1
31,99,-1
33,99,1
35,99,1
37,99,-1
38,99,1
43,99,1
46,99,1
59,99,1
66,99,1
75,99,1
81,99,1
87,99,1
93,99,1
97,99,1
100,99,1
18,100,-1
20,100,1
30,100,1
36,100,-1
38,100,1
44,100,-1
51,100,1
59,100,1
83,100,1
97,100,1
98,100,-1
