12,1,1
30,1,1
36,1,1
39,1,-1
43,1,1
52,1,-1
60,1,1
65,1,1
68,1,-1
71,1,1
72,1,1
79,1,1
82,1,1
5,2,1
21,2,1
30,2,1
42,2,1
44,2,1
45,2,1
70,2,-1
89,2,1
98,2,1
1,3,1
11,3,1
36,3,1
46,3,-1
80,3,1
88,3,1
96,3,1
14,4,1
21,4,1
25,4,1
37,4,1
80,4,1
85,4,-1
88,4,1
92,4,1
100,4,1
4,5,1
11,5,1
42,5,1
48,5,1
52,5,-1
64,5,1
71,5,1
72,5,1
75,5,1
81,5,1
83,5,-1
85,5,-1
88,5,1
5,6,1
8,6,-1
18,6,1
20,6,-1
25,6,1
28,6,-1
36,6,1
44,6,1
46,6,-1
50,6,-1
81,6,1
3,7,1
10,7,-1
17,7,1
37,7,1
48,7,1
49,7,1
52,7,-1
78,7,1
85,7,-1
88,7,1
94,7,1
100,7,1
2,8,1
18,8,1
30,8,1
33,8,1
44,8,1
49,8,1
51,8,1
68,8,-1
70,8,-1
87,8,1
90,8,1
92,8,1
3,9,1
24,9,1
35,9,1
38,9,1
43,9,1
58,9,1
59,9,-1
65,9,1
66,9,1
69,9,1
76,9,1
83,9,-1
84,9,1
86,9,1
90,9,1
91,9,1
7,10,1
11,10,1
18,10,1
39,10,-1
41,10,1
43,10,1
64,10,1
80,10,1
82,10,1
85,10,-1
87,10,1
3,11,1
43,11,1
48,11,1
49,11,1
52,11,-1
82,11,1
83,11,-1
9,12,1
16,12,1
29,12,1
34,12,1
62,12,1
64,12,1
73,12,1
74,12,1
79,12,1
80,12,1
4,13,1
24,13,1
41,13,1
58,13,1
67,13,1
80,13,1
93,13,1
22,14,1
38,14,1
54,14,-1
60,14,1
63,14,1
75,14,1
84,14,1
85,14,-1
2,15,1
23,15,1
46,15,-1
47,15,1
52,15,-1
61,15,1
63,15,1
65,15,1
66,15,1
89,15,1
6,16,1
8,16,-1
36,16,1
44,16,1
50,16,-1
56,16,1
61,16,1
71,16,1
90,16,1
98,16,1
7,17,1
12,17,1
13,17,1
22,17,1
27,17,1
29,17,1
31,17,1
33,17,1
41,17,1
58,17,1
66,17,1
72,17,1
73,17,1
74,17,1
76,17,1
9,18,1
10,18,-1
12,18,1
43,18,1
48,18,1
50,18,-1
51,18,1
52,18,-1
64,18,1
84,18,1
87,18,1
98,18,1
42,19,1
45,19,1
48,19,1
61,19,1
67,19,1
85,19,-1
90,19,1
47,20,1
52,20,-1
53,20,1
54,20,-1
74,20,1
83,20,-1
90,20,1
98,20,1
18,21,1
52,21,-1
55,21,1
79,21,1
83,21,-1
85,21,-1
94,21,1
4,22,1
5,22,1
13,22,1
29,22,1
58,22,1
60,22,1
71,22,1
75,22,1
80,22,1
93,22,1
9,23,1
41,23,1
44,23,1
54,23,-1
57,23,1
63,23,1
65,23,1
66,23,1
77,23,1
86,23,1
98,23,1
5,24,1
9,24,1
16,24,1
31,24,1
44,24,1
57,24,1
58,24,1
59,24,-1
86,24,1
90,24,1
96,24,1
26,25,1
27,25,1
30,25,1
36,25,1
45,25,1
53,25,1
57,25,1
72,25,1
80,25,1
87,25,1
95,25,1
1,26,1
7,26,1
17,26,1
27,26,1
33,26,1
40,26,1
45,26,1
49,26,1
55,26,1
59,26,-1
74,26,1
94,26,1
7,27,1
26,27,1
32,27,1
33,27,1
35,27,1
37,27,1
38,27,1
39,27,-1
45,27,1
46,27,-1
49,27,1
54,27,-1
63,27,1
64,27,1
74,27,1
97,27,1
7,28,1
21,28,1
37,28,1
40,28,1
44,28,1
61,28,1
63,28,1
72,28,1
79,28,1
81,28,1
85,28,-1
100,28,1
17,29,1
23,29,1
34,29,1
41,29,1
54,29,-1
57,29,1
58,29,1
59,29,-1
63,29,1
66,29,1
74,29,1
82,29,1
2,30,1
5,30,1
6,30,1
8,30,-1
16,30,1
20,30,-1
36,30,1
42,30,1
44,30,1
46,30,-1
50,30,-1
62,30,1
65,30,1
68,30,-1
71,30,1
76,30,1
95,30,1
4,31,1
14,31,1
29,31,1
33,31,1
36,31,1
38,31,1
51,31,1
61,31,1
65,31,1
70,31,-1
73,31,1
78,31,1
83,31,-1
84,31,1
39,32,-1
40,32,1
49,32,1
51,32,1
57,32,1
59,32,-1
61,32,1
65,32,1
76,32,1
93,32,1
32,33,1
35,33,1
39,33,-1
45,33,1
50,33,-1
54,33,-1
78,33,1
4,34,1
9,34,1
18,34,1
42,34,1
46,34,-1
47,34,1
54,34,-1
59,34,-1
75,34,1
78,34,1
81,34,1
86,34,1
95,34,1
100,34,1
8,35,-1
9,35,1
10,35,-1
17,35,1
24,35,1
33,35,1
43,35,1
53,35,1
54,35,-1
59,35,-1
76,35,1
84,35,1
4,36,1
43,36,1
65,36,1
68,36,-1
69,36,1
71,36,1
77,36,1
91,36,1
95,36,1
96,36,1
99,36,1
4,37,1
11,37,1
17,37,1
18,37,1
21,37,1
25,37,1
29,37,1
34,37,1
36,37,1
57,37,1
78,37,1
79,37,1
82,37,1
88,37,1
100,37,1
14,38,1
20,38,-1
22,38,1
27,38,1
39,38,-1
43,38,1
52,38,-1
54,38,-1
60,38,1
65,38,1
76,38,1
85,38,-1
94,38,1
11,39,1
15,39,1
22,39,1
40,39,1
41,39,1
43,39,1
65,39,1
71,39,1
95,39,1
2,40,1
15,40,1
27,40,1
29,40,1
49,40,1
59,40,-1
61,40,1
63,40,1
73,40,1
93,40,1
9,41,1
10,41,-1
12,41,1
24,41,1
27,41,1
29,41,1
32,41,1
35,41,1
37,41,1
43,41,1
51,41,1
57,41,1
58,41,1
62,41,1
69,41,1
74,41,1
87,41,1
90,41,1
93,41,1
97,41,1
78,42,1
90,42,1
99,42,1
4,43,1
13,43,1
18,43,1
21,43,1
24,43,1
32,43,1
33,43,1
39,43,-1
49,43,1
51,43,1
69,43,1
79,43,1
82,43,1
97,43,1
2,44,1
10,44,-1
15,44,1
30,44,1
66,44,1
75,44,1
81,44,1
3,45,1
7,45,1
15,45,1
46,45,-1
49,45,1
63,45,1
72,45,1
77,45,1
89,45,1
100,45,1
1,46,1
9,46,1
11,46,1
23,46,1
26,46,1
27,46,1
38,46,1
39,46,-1
47,46,1
54,46,-1
56,46,1
58,46,1
65,46,1
66,46,1
95,46,1
96,46,1
9,47,1
31,47,1
50,47,-1
70,47,-1
78,47,1
79,47,1
96,47,1
3,48,1
7,48,1
10,48,-1
17,48,1
39,48,-1
49,48,1
52,48,-1
55,48,1
63,48,1
67,48,1
86,48,1
3,49,1
27,49,1
33,49,1
53,49,1
63,49,1
6,50,1
8,50,-1
10,50,-1
11,50,1
20,50,-1
29,50,1
30,50,1
36,50,1
39,50,-1
43,50,1
44,50,1
46,50,-1
52,50,-1
64,50,1
82,50,1
14,51,1
32,51,1
33,51,1
38,51,1
39,51,-1
40,51,1
57,51,1
61,51,1
76,51,1
90,51,1
10,52,-1
11,52,1
12,52,1
18,52,1
22,52,1
30,52,1
39,52,-1
48,52,1
56,52,1
58,52,1
62,52,1
68,52,-1
80,52,1
84,52,1
3,53,1
4,53,1
8,53,-1
27,53,1
34,53,1
42,53,1
45,53,1
49,53,1
54,53,-1
57,53,1
93,53,1
97,53,1
98,53,1
100,53,1
23,54,1
35,54,1
38,54,1
46,54,-1
65,54,1
66,54,1
68,54,-1
90,54,1
98,54,1
1,55,1
7,55,1
9,55,1
17,55,1
25,55,1
26,55,1
30,55,1
31,55,1
36,55,1
37,55,1
78,55,1
91,55,1
12,56,1
16,56,1
21,56,1
27,56,1
28,56,-1
30,56,1
37,56,1
39,56,-1
50,56,-1
57,56,1
61,56,1
65,56,1
68,56,-1
79,56,1
81,56,1
92,56,1
94,56,1
8,57,-1
16,57,1
28,57,-1
32,57,1
34,57,1
35,57,1
45,57,1
49,57,1
56,57,1
59,57,-1
61,57,1
87,57,1
89,57,1
9,58,1
15,58,1
21,58,1
47,58,1
48,58,1
52,58,-1
59,58,-1
79,58,1
84,58,1
91,58,1
95,58,1
9,59,1
12,59,1
24,59,1
47,59,1
66,59,1
93,59,1
3,60,1
4,60,1
9,60,1
14,60,1
30,60,1
34,60,1
51,60,1
54,60,-1
65,60,1
67,60,1
71,60,1
75,60,1
85,60,-1
96,60,1
16,61,1
45,61,1
56,61,1
63,61,1
68,61,-1
73,61,1
81,61,1
89,61,1
90,61,1
92,61,1
98,61,1
1,62,1
12,62,1
18,62,1
32,62,1
43,62,1
79,62,1
82,62,1
87,62,1
96,62,1
97,62,1
2,63,1
4,63,1
18,63,1
34,63,1
45,63,1
49,63,1
53,63,1
76,63,1
84,63,1
89,63,1
94,63,1
100,63,1
7,64,1
18,64,1
19,64,-1
26,64,1
33,64,1
46,64,-1
74,64,1
88,64,1
94,64,1
97,64,1
1,65,1
2,65,1
3,65,1
4,65,1
6,65,1
16,65,1
36,65,1
45,65,1
50,65,-1
60,65,1
61,65,1
71,65,1
100,65,1
23,66,1
24,66,1
26,66,1
40,66,1
46,66,-1
65,66,1
84,66,1
3,67,1
4,67,1
11,67,1
22,67,1
29,67,1
52,67,-1
58,67,1
80,67,1
93,67,1
94,67,1
97,67,1
16,68,1
18,68,1
30,68,1
46,68,-1
50,68,-1
53,68,1
62,68,1
65,68,1
73,68,1
79,68,1
91,68,1
92,68,1
98,68,1
1,69,1
3,69,1
31,69,1
36,69,1
55,69,1
57,69,1
59,69,-1
65,69,1
71,69,1
100,69,1
8,70,-1
17,70,1
18,70,1
20,70,-1
21,70,1
23,70,1
30,70,1
33,70,1
35,70,1
48,70,1
50,70,-1
53,70,1
54,70,-1
68,70,-1
78,70,1
98,70,1
100,70,1
4,71,1
43,71,1
44,71,1
50,71,-1
79,71,1
3,72,1
22,72,1
26,72,1
36,72,1
67,72,1
69,72,1
77,72,1
16,73,1
33,73,1
39,73,-1
43,73,1
49,73,1
51,73,1
56,73,1
61,73,1
62,73,1
74,73,1
82,73,1
88,73,1
89,73,1
1,74,1
8,74,-1
12,74,1
16,74,1
17,74,1
27,74,1
32,74,1
33,74,1
49,74,1
62,74,1
68,74,-1
76,74,1
99,74,1
34,75,1
42,75,1
44,75,1
58,75,1
60,75,1
78,75,1
81,75,1
83,75,-1
84,75,1
86,75,1
91,75,1
92,75,1
4,76,1
14,76,1
17,76,1
20,76,-1
28,76,-1
29,76,1
33,76,1
36,76,1
51,76,1
57,76,1
60,76,1
61,76,1
65,76,1
74,76,1
85,76,-1
6,77,1
25,77,1
30,77,1
46,77,-1
50,77,-1
54,77,-1
58,77,1
65,77,1
98,77,1
14,78,1
15,78,1
19,78,-1
23,78,1
28,78,-1
31,78,1
44,78,1
45,78,1
49,78,1
57,78,1
61,78,1
85,78,-1
88,78,1
95,78,1
20,79,-1
37,79,1
52,79,-1
55,79,1
69,79,1
85,79,-1
88,79,1
91,79,1
4,80,1
7,80,1
11,80,1
18,80,1
23,80,1
37,80,1
41,80,1
48,80,1
52,80,-1
64,80,1
82,80,1
87,80,1
88,80,1
94,80,1
97,80,1
6,81,1
16,81,1
24,81,1
60,81,1
61,81,1
72,81,1
86,81,1
98,81,1
7,82,1
9,82,1
10,82,-1
11,82,1
28,82,-1
38,82,1
39,82,-1
43,82,1
49,82,1
51,82,1
55,82,1
79,82,1
84,82,1
97,82,1
19,83,-1
22,83,1
37,83,1
42,83,1
47,83,1
69,83,1
72,83,1
79,83,1
86,83,1
96,83,1
1,84,1
4,84,1
5,84,1
9,84,1
14,84,1
22,84,1
24,84,1
34,84,1
38,84,1
39,84,-1
42,84,1
48,84,1
51,84,1
59,84,-1
60,84,1
63,84,1
65,84,1
76,84,1
83,84,-1
85,84,-1
86,84,1
95,84,1
96,84,1
4,85,1
5,85,1
13,85,1
17,85,1
24,85,1
29,85,1
31,85,1
35,85,1
37,85,1
43,85,1
55,85,1
64,85,1
67,85,1
82,85,1
88,85,1
13,86,1
17,86,1
22,86,1
24,86,1
57,86,1
66,86,1
93,86,1
12,87,1
15,87,1
23,87,1
29,87,1
35,87,1
41,87,1
43,87,1
51,87,1
64,87,1
66,87,1
67,87,1
74,87,1
80,87,1
4,88,1
5,88,1
7,88,1
11,88,1
22,88,1
27,88,1
37,88,1
52,88,-1
62,88,1
68,88,-1
82,88,1
94,88,1
97,88,1
100,88,1
15,89,1
23,89,1
25,89,1
34,89,1
37,89,1
39,89,-1
40,89,1
44,89,1
61,89,1
66,89,1
78,89,1
81,89,1
8,90,-1
13,90,1
30,90,1
35,90,1
56,90,1
61,90,1
67,90,1
68,90,-1
71,90,1
82,90,1
92,90,1
96,90,1
1,91,1
26,91,1
79,91,1
82,91,1
83,91,-1
84,91,1
96,91,1
16,92,1
19,92,-1
22,92,1
28,92,-1
31,92,1
36,92,1
40,92,1
42,92,1
51,92,1
52,92,-1
57,92,1
61,92,1
75,92,1
81,92,1
98,92,1
100,92,1
17,93,1
26,93,1
29,93,1
32,93,1
40,93,1
46,93,-1
49,93,1
51,93,1
57,93,1
63,93,1
76,93,1
94,93,1
100,93,1
2,94,1
26,94,1
27,94,1
28,94,-1
32,94,1
37,94,1
55,94,1
85,94,-1
93,94,1
15,95,1
19,95,-1
20,95,-1
31,95,1
42,95,1
47,95,1
72,95,1
75,95,1
77,95,1
83,95,-1
96,95,1
100,95,1
1,96,1
9,96,1
20,96,-1
25,96,1
26,96,1
34,96,1
47,96,1
55,96,1
59,96,-1
69,96,1
71,96,1
72,96,1
75,96,1
78,96,1
79,96,1
1,97,1
5,97,1
13,97,1
19,97,-1
42,97,1
62,97,1
68,97,-1
71,97,1
87,97,1
90,97,1
95,97,1
100,97,1
5,98,1
6,98,1
8,98,-1
15,98,1
21,98,1
23,98,1
24,98,1
28,98,-1
35,98,1
44,98,1
52,98,-1
61,98,1
70,98,-1
81,98,1
89,98,1
90,98,1
5,99,1
34,99,1
57,99,1
62,99,1
65,99,1
72,99,1
75,99,1
81,99,1
86,99,1
92,99,1
95,99,1
96,99,1
4,100,1
11,100,1
21,100,1
23,100,1
42,100,1
45,100,1
49,100,1
53,100,1
63,100,1
68,100,-1
78,100,1
82,100,1
94,100,1
99,100,1
