5,1,1
8,1,1
28,1,1
38,1,1
47,1,1
48,1,1
49,1,1
58,1,1
61,1,1
79,1,1
87,1,1
95,1,1
14,2,1
23,2,1
25,2,1
34,2,1
39,2,1
59,2,1
66,2,1
77,2,1
78,2,1
81,2,-1
84,2,1
85,2,1
12,3,1
13,3,1
30,3,-1
37,3,-1
45,3,1
48,3,1
68,3,1
72,3,1
73,3,-1
84,3,1
92,3,1
7,4,1
10,4,-1
11,4,1
26,4,1
27,4,1
35,4,-1
44,4,1
52,4,1
53,4,1
55,4,1
69,4,1
70,4,1
82,4,1
83,4,1
98,4,-1
1,5,-1
8,5,1
20,5,1
28,5,1
38,5,1
47,5,1
48,5,1
49,5,1
60,5,1
61,5,1
79,5,1
87,5,1
95,5,1
17,6,1
40,6,1
45,6,1
56,6,1
58,6,1
68,6,1
76,6,1
78,6,1
85,6,1
86,6,-1
94,6,1
29,7,1
35,7,-1
52,7,1
53,7,1
55,7,1
69,7,1
70,7,1
80,7,1
82,7,1
89,7,1
1,8,-1
5,8,1
48,8,1
49,8,1
61,8,1
79,8,1
91,8,1
95,8,1
13,9,1
18,9,1
20,9,1
51,9,1
57,9,1
71,9,1
88,9,1
90,9,1
95,9,1
100,9,1
31,10,1
32,10,1
36,10,1
40,10,1
50,10,-1
54,10,1
72,10,1
75,10,1
99,10,1
6,11,1
17,11,1
19,11,-1
26,11,1
70,11,1
83,11,1
86,11,-1
98,11,-1
1,12,-1
3,12,-1
8,12,1
30,12,-1
37,12,-1
45,12,1
48,12,1
53,12,1
68,12,1
72,12,1
73,12,-1
91,12,1
3,13,-1
9,13,1
18,13,1
20,13,1
28,13,1
30,13,-1
38,13,1
48,13,1
57,13,1
71,13,1
88,13,1
90,13,1
95,13,1
2,14,1
15,14,1
21,14,1
23,14,1
25,14,1
34,14,1
39,14,1
66,14,1
67,14,1
77,14,1
78,14,1
81,14,-1
21,15,1
41,15,1
59,15,1
67,15,1
77,15,1
78,15,1
85,15,1
93,15,-1
94,15,1
27,16,1
30,16,-1
43,16,1
55,16,1
60,16,1
72,16,1
80,16,1
93,16,-1
99,16,1
11,17,1
19,17,-1
24,17,1
26,17,1
56,17,1
58,17,1
62,17,1
65,17,1
74,17,1
76,17,1
83,17,1
86,17,-1
9,18,1
12,18,1
13,18,1
20,18,1
30,18,-1
45,18,1
49,18,1
57,18,1
71,18,1
88,18,1
90,18,1
95,18,1
1,19,-1
6,19,1
11,19,1
17,19,1
18,19,1
21,19,1
24,19,1
26,19,1
56,19,1
58,19,1
62,19,1
63,19,1
64,19,1
65,19,1
70,19,1
74,19,1
76,19,1
83,19,1
86,19,-1
94,19,1
95,19,1
96,19,1
1,20,-1
9,20,1
18,20,1
28,20,1
30,20,-1
45,20,1
49,20,1
51,20,1
57,20,1
71,20,1
87,20,1
88,20,1
90,20,1
95,20,1
100,20,1
6,21,1
15,21,1
23,21,1
34,21,1
39,21,1
41,21,1
59,21,1
60,21,1
66,21,1
67,21,1
77,21,1
78,21,1
81,21,-1
85,21,1
93,21,-1
33,22,1
40,22,1
42,22,-1
43,22,1
75,22,1
80,22,1
99,22,1
14,23,1
25,23,1
34,23,1
39,23,1
66,23,1
67,23,1
77,23,1
81,23,-1
26,24,1
63,24,1
65,24,1
74,24,1
76,24,1
86,24,-1
96,24,1
97,24,1
2,25,1
14,25,1
23,25,1
34,25,1
39,25,1
66,25,1
81,25,-1
94,25,1
1,26,-1
7,26,1
8,26,1
11,26,1
17,26,1
19,26,-1
24,26,1
53,26,1
56,26,1
62,26,1
63,26,1
64,26,1
65,26,1
74,26,1
76,26,1
86,26,-1
97,26,1
16,27,1
22,27,1
29,27,1
30,27,-1
35,27,-1
42,27,-1
44,27,1
53,27,1
55,27,1
80,27,1
82,27,1
83,27,1
3,28,-1
9,28,1
13,28,1
18,28,1
20,28,1
38,28,1
57,28,1
71,28,1
79,28,1
88,28,1
90,28,1
95,28,1
7,29,1
12,29,1
16,29,1
35,29,-1
44,29,1
52,29,1
53,29,1
55,29,1
69,29,1
80,29,1
82,29,1
93,29,-1
98,29,-1
16,30,1
18,30,1
20,30,1
28,30,1
43,30,1
45,30,1
51,30,1
57,30,1
71,30,1
79,30,1
80,30,1
90,30,1
95,30,1
100,30,1
10,31,-1
32,31,1
36,31,1
46,31,1
54,31,1
75,31,1
84,31,1
92,31,1
99,31,1
10,32,-1
31,32,1
36,32,1
46,32,1
54,32,1
75,32,1
84,32,1
92,32,1
99,32,1
10,33,-1
22,33,1
31,33,1
36,33,1
40,33,1
42,33,-1
43,33,1
55,33,1
75,33,1
80,33,1
89,33,1
99,33,1
2,34,1
14,34,1
23,34,1
25,34,1
39,34,1
41,34,1
59,34,1
66,34,1
77,34,1
78,34,1
81,34,-1
85,34,1
94,34,1
4,35,-1
11,35,1
29,35,1
44,35,1
52,35,1
53,35,1
55,35,1
69,35,1
82,35,1
83,35,1
98,35,-1
7,36,1
10,36,-1
22,36,1
31,36,1
32,36,1
33,36,1
39,36,1
40,36,1
42,36,-1
43,36,1
46,36,1
54,36,1
73,36,-1
75,36,1
89,36,1
92,36,1
99,36,1
1,37,-1
3,37,-1
8,37,1
10,37,-1
12,37,1
25,37,1
45,37,1
48,37,1
50,37,-1
54,37,1
68,37,1
72,37,1
73,37,-1
75,37,1
84,37,1
91,37,1
94,37,1
1,38,-1
5,38,1
9,38,1
28,38,1
47,38,1
48,38,1
49,38,1
61,38,1
79,38,1
95,38,1
2,39,1
6,39,1
14,39,1
15,39,1
21,39,1
23,39,1
25,39,1
34,39,1
41,39,1
59,39,1
60,39,1
66,39,1
67,39,1
77,39,1
78,39,1
81,39,-1
84,39,1
85,39,1
94,39,1
7,40,1
22,40,1
31,40,1
32,40,1
36,40,1
42,40,-1
47,40,1
75,40,1
80,40,1
89,40,1
92,40,1
99,40,1
14,41,1
15,41,1
21,41,1
23,41,1
39,41,1
59,41,1
60,41,1
66,41,1
67,41,1
77,41,1
78,41,1
81,41,-1
85,41,1
93,41,-1
16,42,1
22,42,1
33,42,1
36,42,1
40,42,1
43,42,1
55,42,1
80,42,1
89,42,1
99,42,1
3,43,-1
16,43,1
18,43,1
22,43,1
27,43,1
29,43,1
30,43,-1
33,43,1
40,43,1
42,43,-1
55,43,1
75,43,1
78,43,1
80,43,1
81,43,-1
89,43,1
99,43,1
4,44,-1
7,44,1
9,44,1
11,44,1
16,44,1
29,44,1
35,44,-1
52,44,1
53,44,1
55,44,1
57,44,1
69,44,1
82,44,1
83,44,1
93,44,-1
98,44,-1
1,45,-1
3,45,-1
8,45,1
12,45,1
18,45,1
23,45,1
30,45,-1
37,45,-1
68,45,1
72,45,1
73,45,-1
95,45,1
3,46,-1
10,46,-1
31,46,1
32,46,1
36,46,1
48,46,1
50,46,-1
54,46,1
72,46,1
73,46,-1
75,46,1
84,46,1
92,46,1
94,46,1
99,46,1
1,47,-1
5,47,1
8,47,1
28,47,1
30,47,-1
38,47,1
45,47,1
48,47,1
49,47,1
61,47,1
72,47,1
79,47,1
87,47,1
95,47,1
1,48,-1
3,48,-1
12,48,1
28,48,1
37,48,-1
38,48,1
45,48,1
47,48,1
79,48,1
91,48,1
95,48,1
1,49,-1
5,49,1
13,49,1
20,49,1
28,49,1
38,49,1
57,49,1
61,49,1
79,49,1
87,49,1
90,49,1
95,49,1
3,50,-1
10,50,-1
12,50,1
31,50,1
36,50,1
45,50,1
54,50,1
68,50,1
72,50,1
73,50,-1
75,50,1
84,50,1
92,50,1
99,50,1
9,51,1
13,51,1
20,51,1
28,51,1
49,51,1
57,51,1
71,51,1
88,51,1
90,51,1
100,51,1
4,52,-1
7,52,1
29,52,1
35,52,-1
53,52,1
69,52,1
70,52,1
82,52,1
98,52,-1
7,53,1
29,53,1
35,53,-1
44,53,1
52,53,1
82,53,1
83,53,1
98,53,-1
3,54,-1
10,54,-1
31,54,1
32,54,1
36,54,1
37,54,-1
45,54,1
46,54,1
50,54,-1
68,54,1
72,54,1
73,54,-1
75,54,1
84,54,1
92,54,1
7,55,1
16,55,1
27,55,1
29,55,1
35,55,-1
44,55,1
52,55,1
53,55,1
69,55,1
70,55,1
80,55,1
82,55,1
89,55,1
93,55,-1
98,55,-1
6,56,1
8,56,1
11,56,1
17,56,1
19,56,-1
26,56,1
58,56,1
62,56,1
64,56,1
65,56,1
76,56,1
85,56,1
86,56,-1
96,56,1
9,57,1
13,57,1
18,57,1
20,57,1
28,57,1
51,57,1
71,57,1
88,57,1
90,57,1
100,57,1
6,58,1
8,58,1
17,58,1
25,58,1
26,58,1
37,58,-1
45,58,1
56,58,1
62,58,1
65,58,1
68,58,1
72,58,1
81,58,-1
86,58,-1
96,58,1
15,59,1
39,59,1
41,59,1
66,59,1
67,59,1
77,59,1
78,59,1
81,59,-1
85,59,1
15,60,1
21,60,1
23,60,1
25,60,1
41,60,1
59,60,1
67,60,1
68,60,1
77,60,1
78,60,1
81,60,-1
85,60,1
93,60,-1
94,60,1
1,61,-1
5,61,1
8,61,1
28,61,1
38,61,1
48,61,1
79,61,1
87,61,1
95,61,1
6,62,1
56,62,1
58,62,1
64,62,1
76,62,1
86,62,-1
96,62,1
97,62,1
17,63,1
24,63,1
26,63,1
65,63,1
74,63,1
76,63,1
86,63,-1
97,63,1
17,64,1
24,64,1
26,64,1
62,64,1
65,64,1
76,64,1
86,64,-1
96,64,1
97,64,1
1,65,-1
19,65,-1
24,65,1
26,65,1
62,65,1
63,65,1
64,65,1
76,65,1
86,65,-1
96,65,1
97,65,1
2,66,1
14,66,1
23,66,1
25,66,1
34,66,1
39,66,1
81,66,-1
39,67,1
41,67,1
60,67,1
77,67,1
78,67,1
3,68,-1
12,68,1
37,68,-1
45,68,1
48,68,1
50,68,-1
54,68,1
72,68,1
73,68,-1
91,68,1
4,69,-1
7,69,1
29,69,1
35,69,-1
52,69,1
53,69,1
55,69,1
82,69,1
98,69,-1
4,70,-1
11,70,1
29,70,1
35,70,-1
44,70,1
48,70,1
52,70,1
53,70,1
69,70,1
82,70,1
83,70,1
98,70,-1
3,71,-1
9,71,1
13,71,1
18,71,1
20,71,1
28,71,1
51,71,1
57,71,1
90,71,1
100,71,1
3,72,-1
12,72,1
37,72,-1
45,72,1
48,72,1
50,72,-1
54,72,1
68,72,1
73,72,-1
84,72,1
91,72,1
3,73,-1
10,73,-1
50,73,-1
54,73,1
68,73,1
72,73,1
75,73,1
11,74,1
17,74,1
24,74,1
26,74,1
63,74,1
64,74,1
65,74,1
76,74,1
86,74,-1
96,74,1
10,75,-1
22,75,1
32,75,1
33,75,1
36,75,1
40,75,1
42,75,-1
72,75,1
92,75,1
99,75,1
17,76,1
19,76,-1
24,76,1
26,76,1
56,76,1
58,76,1
62,76,1
63,76,1
64,76,1
65,76,1
74,76,1
85,76,1
86,76,-1
96,76,1
97,76,1
2,77,1
14,77,1
15,77,1
23,77,1
25,77,1
34,77,1
39,77,1
41,77,1
59,77,1
60,77,1
66,77,1
67,77,1
78,77,1
81,77,-1
85,77,1
93,77,-1
94,77,1
6,78,1
14,78,1
21,78,1
23,78,1
25,78,1
39,78,1
41,78,1
59,78,1
66,78,1
67,78,1
81,78,-1
94,78,1
1,79,-1
5,79,1
8,79,1
18,79,1
20,79,1
28,79,1
38,79,1
47,79,1
49,79,1
61,79,1
71,79,1
87,79,1
88,79,1
90,79,1
95,79,1
16,80,1
27,80,1
33,80,1
42,80,-1
43,80,1
55,80,1
89,80,1
93,80,-1
99,80,1
2,81,1
14,81,1
23,81,1
25,81,1
34,81,1
39,81,1
66,81,1
67,81,1
77,81,1
94,81,1
4,82,-1
7,82,1
29,82,1
35,82,-1
52,82,1
53,82,1
69,82,1
70,82,1
98,82,-1
4,83,-1
11,83,1
17,83,1
26,83,1
29,83,1
44,83,1
52,83,1
70,83,1
82,83,1
86,83,-1
98,83,-1
2,84,1
10,84,-1
32,84,1
36,84,1
46,84,1
58,84,1
75,84,1
92,84,1
94,84,1
99,84,1
14,85,1
15,85,1
16,85,1
21,85,1
23,85,1
39,85,1
41,85,1
59,85,1
60,85,1
66,85,1
67,85,1
77,85,1
78,85,1
81,85,-1
93,85,-1
94,85,1
6,86,1
17,86,1
19,86,-1
26,86,1
56,86,1
62,86,1
64,86,1
65,86,1
74,86,1
76,86,1
96,86,1
97,86,1
1,87,-1
5,87,1
8,87,1
28,87,1
38,87,1
48,87,1
49,87,1
57,87,1
61,87,1
79,87,1
95,87,1
9,88,1
13,88,1
20,88,1
28,88,1
38,88,1
49,88,1
51,88,1
57,88,1
71,88,1
90,88,1
100,88,1
7,89,1
10,89,-1
22,89,1
33,89,1
36,89,1
40,89,1
42,89,-1
43,89,1
55,89,1
75,89,1
80,89,1
99,89,1
9,90,1
13,90,1
20,90,1
28,90,1
51,90,1
57,90,1
71,90,1
88,90,1
100,90,1
3,91,-1
12,91,1
37,91,-1
45,91,1
47,91,1
48,91,1
50,91,-1
68,91,1
72,91,1
73,91,-1
10,92,-1
31,92,1
32,92,1
33,92,1
36,92,1
46,92,1
50,92,-1
54,92,1
72,92,1
73,92,-1
75,92,1
84,92,1
99,92,1
6,93,1
16,93,1
29,93,1
30,93,-1
33,93,1
59,93,1
60,93,1
78,93,1
85,93,1
94,93,1
2,94,1
3,94,-1
14,94,1
21,94,1
23,94,1
41,94,1
48,94,1
54,94,1
59,94,1
60,94,1
66,94,1
75,94,1
81,94,-1
84,94,1
85,94,1
99,94,1
1,95,-1
5,95,1
8,95,1
18,95,1
28,95,1
30,95,-1
38,95,1
47,95,1
48,95,1
49,95,1
61,95,1
79,95,1
87,95,1
90,95,1
6,96,1
8,96,1
11,96,1
17,96,1
19,96,-1
24,96,1
26,96,1
58,96,1
62,96,1
64,96,1
65,96,1
76,96,1
86,96,-1
97,96,1
19,97,-1
24,97,1
26,97,1
56,97,1
62,97,1
63,97,1
64,97,1
65,97,1
74,97,1
76,97,1
86,97,-1
96,97,1
4,98,-1
7,98,1
27,98,1
29,98,1
35,98,-1
44,98,1
52,98,1
53,98,1
55,98,1
69,98,1
70,98,1
82,98,1
83,98,1
3,99,-1
10,99,-1
22,99,1
31,99,1
32,99,1
33,99,1
36,99,1
40,99,1
42,99,-1
46,99,1
60,99,1
72,99,1
75,99,1
80,99,1
84,99,1
89,99,1
92,99,1
9,100,1
13,100,1
18,100,1
20,100,1
28,100,1
30,100,-1
51,100,1
57,100,1
71,100,1
90,100,1
95,100,1
