2,1,1
3,1,1
4,1,1
13,1,1
20,1,-1
39,1,1
55,1,1
68,1,1
77,1,-1
85,1,-1
15,2,1
50,2,1
61,2,1
76,2,-1
81,2,1
100,2,1
5,3,-1
7,3,1
9,3,-1
20,3,-1
29,3,1
30,3,1
33,3,-1
41,3,1
56,3,1
60,3,-1
68,3,1
90,3,-1
9,4,-1
14,4,-1
16,4,1
21,4,1
29,4,1
39,4,1
51,4,-1
55,4,1
62,4,1
64,4,-1
73,4,1
75,4,1
83,4,-1
93,4,1
13,5,1
38,5,1
54,5,1
56,5,1
59,5,1
64,5,-1
68,5,1
74,5,1
77,5,-1
84,5,1
86,5,-1
88,5,1
94,5,1
99,5,1
3,6,1
4,6,1
13,6,1
50,6,1
52,6,1
73,6,1
76,6,-1
84,6,1
94,6,1
95,6,-1
97,6,-1
1,7,1
12,7,-1
18,7,1
20,7,-1
36,7,1
48,7,1
50,7,1
63,7,1
65,7,-1
91,7,1
95,7,-1
100,7,1
14,8,-1
20,8,-1
40,8,-1
44,8,1
58,8,-1
68,8,1
70,8,1
72,8,1
81,8,1
93,8,1
98,8,1
7,9,1
11,9,1
14,9,-1
17,9,1
18,9,1
24,9,1
27,9,1
32,9,1
37,9,1
38,9,1
40,9,-1
46,9,-1
51,9,-1
55,9,1
57,9,-1
64,9,-1
79,9,1
81,9,1
84,9,1
85,9,-1
87,9,1
91,9,1
98,9,1
100,9,1
1,10,1
7,10,1
9,10,-1
12,10,-1
18,10,1
22,10,1
33,10,-1
37,10,1
41,10,1
50,10,1
63,10,1
71,10,-1
77,10,-1
78,10,1
82,10,1
88,10,1
99,10,1
6,11,1
8,11,-1
9,11,-1
14,11,-1
17,11,1
29,11,1
33,11,-1
44,11,1
58,11,-1
61,11,1
63,11,1
65,11,-1
75,11,1
90,11,-1
91,11,1
97,11,-1
9,12,-1
11,12,1
16,12,1
18,12,1
22,12,1
24,12,1
29,12,1
34,12,1
55,12,1
60,12,-1
62,12,1
73,12,1
97,12,-1
100,12,1
2,13,1
10,13,1
24,13,1
60,13,-1
62,13,1
72,13,1
73,13,1
80,13,1
95,13,-1
96,13,1
98,13,1
7,14,1
11,14,1
12,14,-1
16,14,1
17,14,1
19,14,1
30,14,1
32,14,1
38,14,1
45,14,1
58,14,-1
70,14,1
71,14,-1
78,14,1
92,14,1
18,15,1
22,15,1
41,15,1
48,15,1
68,15,1
87,15,1
88,15,1
89,15,-1
97,15,-1
3,16,1
6,16,1
23,16,1
24,16,1
30,16,1
32,16,1
33,16,-1
49,16,1
65,16,-1
66,16,1
70,16,1
83,16,-1
4,17,1
7,17,1
11,17,1
15,17,1
48,17,1
54,17,1
59,17,1
70,17,1
78,17,1
79,17,1
94,17,1
1,18,1
5,18,-1
7,18,1
29,18,1
33,18,-1
36,18,1
44,18,1
47,18,1
48,18,1
52,18,1
58,18,-1
73,18,1
96,18,1
100,18,1
1,19,1
4,19,1
6,19,1
8,19,-1
22,19,1
23,19,1
40,19,-1
43,19,1
49,19,1
59,19,1
65,19,-1
68,19,1
78,19,1
92,19,1
5,20,-1
25,20,1
30,20,1
46,20,-1
7,21,1
8,21,-1
13,21,1
15,21,1
20,21,-1
24,21,1
31,21,1
33,21,-1
42,21,1
44,21,1
48,21,1
50,21,1
54,21,1
76,21,-1
78,21,1
84,21,1
86,21,-1
95,21,-1
98,21,1
99,21,1
6,22,1
9,22,-1
23,22,1
28,22,1
43,22,1
73,22,1
78,22,1
80,22,1
81,22,1
83,22,-1
97,22,-1
99,22,1
1,23,1
18,23,1
26,23,1
27,23,1
44,23,1
54,23,1
61,23,1
77,23,-1
87,23,1
95,23,-1
100,23,1
6,24,1
27,24,1
29,24,1
33,24,-1
41,24,1
43,24,1
45,24,1
47,24,1
48,24,1
69,24,1
71,24,-1
76,24,-1
78,24,1
81,24,1
95,24,-1
96,24,1
98,24,1
8,25,-1
12,25,-1
21,25,1
22,25,1
26,25,1
34,25,1
39,25,1
45,25,1
49,25,1
52,25,1
53,25,1
56,25,1
58,25,-1
66,25,1
95,25,-1
17,26,1
24,26,1
34,26,1
37,26,1
38,26,1
42,26,1
46,26,-1
52,26,1
57,26,-1
60,26,-1
66,26,1
75,26,1
77,26,-1
80,26,1
81,26,1
94,26,1
13,27,1
14,27,-1
18,27,1
30,27,1
40,27,-1
57,27,-1
67,27,-1
68,27,1
72,27,1
76,27,-1
82,27,1
88,27,1
95,27,-1
23,28,1
36,28,1
38,28,1
63,28,1
65,28,-1
81,28,1
100,28,1
2,29,1
21,29,1
51,29,-1
67,29,-1
81,29,1
82,29,1
86,29,-1
99,29,1
20,30,-1
25,30,1
32,30,1
35,30,1
36,30,1
44,30,1
48,30,1
53,30,1
58,30,-1
63,30,1
67,30,-1
79,30,1
83,30,-1
92,30,1
99,30,1
6,31,1
12,31,-1
13,31,1
18,31,1
23,31,1
35,31,1
38,31,1
46,31,-1
63,31,1
65,31,-1
74,31,1
82,31,1
97,31,-1
98,31,1
2,32,1
12,32,-1
15,32,1
21,32,1
28,32,1
29,32,1
31,32,1
33,32,-1
43,32,1
49,32,1
50,32,1
84,32,1
5,33,-1
12,33,-1
13,33,1
16,33,1
25,33,1
28,33,1
41,33,1
51,33,-1
52,33,1
60,33,-1
70,33,1
71,33,-1
1,34,1
23,34,1
24,34,1
57,34,-1
63,34,1
68,34,1
76,34,-1
88,34,1
98,34,1
100,34,1
2,35,1
6,35,1
9,35,-1
28,35,1
31,35,1
48,35,1
49,35,1
54,35,1
55,35,1
61,35,1
68,35,1
78,35,1
95,35,-1
97,35,-1
6,36,1
32,36,1
39,36,1
54,36,1
56,36,1
59,36,1
64,36,-1
66,36,1
67,36,-1
68,36,1
70,36,1
79,36,1
86,36,-1
93,36,1
9,37,-1
11,37,1
14,37,-1
36,37,1
45,37,1
47,37,1
52,37,1
61,37,1
67,37,-1
74,37,1
76,37,-1
88,37,1
95,37,-1
96,37,1
22,38,1
24,38,1
25,38,1
34,38,1
35,38,1
51,38,-1
52,38,1
57,38,-1
67,38,-1
72,38,1
79,38,1
86,38,-1
89,38,-1
99,38,1
6,39,1
11,39,1
15,39,1
22,39,1
24,39,1
29,39,1
31,39,1
33,39,-1
46,39,-1
54,39,1
60,39,-1
61,39,1
75,39,1
77,39,-1
88,39,1
6,40,1
8,40,-1
29,40,1
30,40,1
36,40,1
37,40,1
42,40,1
46,40,-1
49,40,1
50,40,1
57,40,-1
58,40,-1
62,40,1
82,40,1
87,40,1
90,40,-1
95,40,-1
100,40,1
1,41,1
15,41,1
35,41,1
36,41,1
40,41,-1
46,41,-1
51,41,-1
63,41,1
66,41,1
69,41,1
73,41,1
82,41,1
83,41,-1
92,41,1
93,41,1
98,41,1
4,42,1
13,42,1
14,42,-1
24,42,1
28,42,1
32,42,1
44,42,1
45,42,1
50,42,1
54,42,1
67,42,-1
78,42,1
89,42,-1
90,42,-1
99,42,1
2,43,1
7,43,1
9,43,-1
12,43,-1
19,43,1
72,43,1
79,43,1
98,43,1
25,44,1
33,44,-1
36,44,1
42,44,1
61,44,1
65,44,-1
78,44,1
85,44,-1
97,44,-1
11,45,1
15,45,1
16,45,1
32,45,1
37,45,1
38,45,1
65,45,-1
67,45,-1
72,45,1
73,45,1
78,45,1
80,45,1
93,45,1
98,45,1
100,45,1
7,46,1
10,46,1
19,46,1
26,46,1
42,46,1
57,46,-1
72,46,1
73,46,1
83,46,-1
84,46,1
86,46,-1
12,47,-1
38,47,1
44,47,1
54,47,1
58,47,-1
59,47,1
61,47,1
66,47,1
67,47,-1
68,47,1
74,47,1
82,47,1
88,47,1
89,47,-1
9,48,-1
13,48,1
14,48,-1
19,48,1
23,48,1
40,48,-1
54,48,1
70,48,1
73,48,1
86,48,-1
89,48,-1
99,48,1
100,48,1
25,49,1
50,49,1
51,49,-1
56,49,1
62,49,1
65,49,-1
67,49,-1
71,49,-1
78,49,1
81,49,1
91,49,1
94,49,1
12,50,-1
15,50,1
28,50,1
32,50,1
52,50,1
56,50,1
58,50,-1
66,50,1
68,50,1
69,50,1
74,50,1
78,50,1
80,50,1
82,50,1
89,50,-1
91,50,1
92,50,1
93,50,1
98,50,1
100,50,1
18,51,1
22,51,1
36,51,1
42,51,1
58,51,-1
67,51,-1
77,51,-1
8,52,-1
31,52,1
32,52,1
43,52,1
46,52,-1
53,52,1
59,52,1
67,52,-1
71,52,-1
85,52,-1
86,52,-1
96,52,1
3,53,1
10,53,1
16,53,1
26,53,1
34,53,1
56,53,1
69,53,1
78,53,1
82,53,1
84,53,1
92,53,1
98,53,1
1,54,1
3,54,1
11,54,1
32,54,1
38,54,1
43,54,1
58,54,-1
80,54,1
82,54,1
98,54,1
3,55,1
14,55,-1
23,55,1
24,55,1
25,55,1
39,55,1
47,55,1
63,55,1
65,55,-1
87,55,1
90,55,-1
12,56,-1
15,56,1
20,56,-1
31,56,1
34,56,1
48,56,1
54,56,1
57,56,-1
61,56,1
65,56,-1
68,56,1
74,56,1
75,56,1
80,56,1
89,56,-1
96,56,1
7,57,1
15,57,1
22,57,1
24,57,1
30,57,1
31,57,1
32,57,1
44,57,1
50,57,1
59,57,1
60,57,-1
64,57,-1
69,57,1
74,57,1
77,57,-1
86,57,-1
92,57,1
93,57,1
14,58,-1
28,58,1
53,58,1
67,58,-1
94,58,1
1,59,1
4,59,1
5,59,-1
14,59,-1
19,59,1
25,59,1
40,59,-1
55,59,1
60,59,-1
62,59,1
63,59,1
73,59,1
80,59,1
81,59,1
82,59,1
86,59,-1
88,59,1
89,59,-1
15,60,1
17,60,1
18,60,1
29,60,1
42,60,1
55,60,1
58,60,-1
62,60,1
65,60,-1
66,60,1
68,60,1
69,60,1
72,60,1
73,60,1
76,60,-1
77,60,-1
79,60,1
95,60,-1
98,60,1
100,60,1
3,61,1
18,61,1
25,61,1
28,61,1
43,61,1
69,61,1
90,61,-1
100,61,1
7,62,1
8,62,-1
13,62,1
45,62,1
86,62,-1
91,62,1
97,62,-1
9,63,-1
20,63,-1
25,63,1
29,63,1
31,63,1
49,63,1
52,63,1
66,63,1
89,63,-1
100,63,1
1,64,1
2,64,1
9,64,-1
14,64,-1
21,64,1
23,64,1
25,64,1
27,64,1
29,64,1
33,64,-1
77,64,-1
88,64,1
91,64,1
98,64,1
2,65,1
28,65,1
34,65,1
37,65,1
41,65,1
43,65,1
55,65,1
59,65,1
75,65,1
83,65,-1
89,65,-1
13,66,1
23,66,1
41,66,1
48,66,1
50,66,1
72,66,1
78,66,1
85,66,-1
1,67,1
14,67,-1
21,67,1
22,67,1
39,67,1
48,67,1
49,67,1
60,67,-1
62,67,1
80,67,1
92,67,1
100,67,1
17,68,1
18,68,1
21,68,1
43,68,1
64,68,-1
69,68,1
78,68,1
79,68,1
83,68,-1
96,68,1
4,69,1
10,69,1
13,69,1
24,69,1
30,69,1
38,69,1
49,69,1
50,69,1
59,69,1
85,69,-1
99,69,1
6,70,1
10,70,1
22,70,1
25,70,1
29,70,1
46,70,-1
54,70,1
56,70,1
66,70,1
69,70,1
74,70,1
88,70,1
89,70,-1
15,71,1
16,71,1
18,71,1
19,71,1
25,71,1
57,71,-1
63,71,1
76,71,-1
77,71,-1
3,72,1
6,72,1
12,72,-1
13,72,1
31,72,1
46,72,-1
53,72,1
67,72,-1
9,73,-1
13,73,1
17,73,1
31,73,1
40,73,-1
45,73,1
61,73,1
63,73,1
77,73,-1
78,73,1
85,73,-1
89,73,-1
91,73,1
95,73,-1
96,73,1
1,74,1
3,74,1
5,74,-1
17,74,1
20,74,-1
21,74,1
28,74,1
31,74,1
41,74,1
45,74,1
50,74,1
54,74,1
55,74,1
57,74,-1
58,74,-1
65,74,-1
80,74,1
82,74,1
84,74,1
100,74,1
8,75,-1
10,75,1
12,75,-1
13,75,1
18,75,1
22,75,1
26,75,1
42,75,1
45,75,1
64,75,-1
68,75,1
76,75,-1
79,75,1
83,75,-1
96,75,1
98,75,1
4,76,1
17,76,1
25,76,1
35,76,1
36,76,1
46,76,-1
53,76,1
75,76,1
82,76,1
89,76,-1
13,77,1
19,77,1
36,77,1
43,77,1
45,77,1
51,77,-1
53,77,1
67,77,-1
69,77,1
72,77,1
78,77,1
82,77,1
88,77,1
97,77,-1
100,77,1
2,78,1
3,78,1
11,78,1
22,78,1
29,78,1
36,78,1
55,78,1
58,78,-1
77,78,-1
97,78,-1
9,79,-1
10,79,1
17,79,1
24,79,1
29,79,1
31,79,1
38,79,1
41,79,1
52,79,1
58,79,-1
61,79,1
64,79,-1
73,79,1
78,79,1
81,79,1
88,79,1
94,79,1
98,79,1
8,80,-1
11,80,1
17,80,1
19,80,1
60,80,-1
64,80,-1
69,80,1
72,80,1
12,81,-1
23,81,1
32,81,1
41,81,1
48,81,1
51,81,-1
57,81,-1
64,81,-1
75,81,1
77,81,-1
95,81,-1
96,81,1
97,81,-1
18,82,1
27,82,1
40,82,-1
59,82,1
64,82,-1
85,82,-1
99,82,1
13,83,1
29,83,1
31,83,1
35,83,1
50,83,1
67,83,-1
68,83,1
69,83,1
74,83,1
79,83,1
81,83,1
87,83,1
20,84,-1
37,84,1
46,84,-1
49,84,1
55,84,1
65,84,-1
66,84,1
69,84,1
72,84,1
73,84,1
75,84,1
95,84,-1
3,85,1
14,85,-1
44,85,1
55,85,1
72,85,1
73,85,1
81,85,1
4,86,1
7,86,1
12,86,-1
16,86,1
27,86,1
42,86,1
43,86,1
53,86,1
56,86,1
63,86,1
91,86,1
93,86,1
98,86,1
8,87,-1
9,87,-1
15,87,1
17,87,1
56,87,1
60,87,-1
66,87,1
88,87,1
4,88,1
21,88,1
27,88,1
35,88,1
37,88,1
39,88,1
41,88,1
42,88,1
50,88,1
54,88,1
64,88,-1
70,88,1
71,88,-1
97,88,-1
3,89,1
6,89,1
16,89,1
22,89,1
32,89,1
37,89,1
46,89,-1
56,89,1
72,89,1
76,89,-1
77,89,-1
100,89,1
12,90,-1
33,90,-1
58,90,-1
59,90,1
63,90,1
64,90,-1
71,90,-1
74,90,1
86,90,-1
89,90,-1
91,90,1
92,90,1
93,90,1
98,90,1
23,91,1
28,91,1
30,91,1
36,91,1
43,91,1
47,91,1
51,91,-1
55,91,1
56,91,1
72,91,1
4,92,1
26,92,1
51,92,-1
53,92,1
56,92,1
61,92,1
62,92,1
73,92,1
88,92,1
89,92,-1
97,92,-1
1,93,1
15,93,1
17,93,1
20,93,-1
22,93,1
34,93,1
37,93,1
47,93,1
53,93,1
83,93,-1
94,93,1
14,94,-1
21,94,1
29,94,1
34,94,1
55,94,1
58,94,-1
62,94,1
68,94,1
74,94,1
87,94,1
89,94,-1
5,95,-1
10,95,1
34,95,1
38,95,1
47,95,1
48,95,1
63,95,1
90,95,-1
20,96,-1
27,96,1
33,96,-1
42,96,1
51,96,-1
61,96,1
67,96,-1
93,96,1
8,97,-1
9,97,-1
13,97,1
16,97,1
27,97,1
34,97,1
38,97,1
44,97,1
80,97,1
95,97,-1
12,98,-1
17,98,1
18,98,1
19,98,1
30,98,1
31,98,1
43,98,1
50,98,1
57,98,-1
74,98,1
78,98,1
92,98,1
96,98,1
1,99,1
7,99,1
12,99,-1
32,99,1
35,99,1
42,99,1
44,99,1
46,99,-1
55,99,1
57,99,-1
60,99,-1
64,99,-1
66,99,1
71,99,-1
84,99,1
87,99,1
96,99,1
97,99,-1
6,100,1
8,100,-1
21,100,1
26,100,1
34,100,1
42,100,1
43,100,1
85,100,-1
91,100,1
92,100,1
95,100,-1
