2,1,1
7,1,1
11,1,-1
25,1,1
27,1,1
36,1,1
39,1,-1
52,1,1
59,1,1
63,1,1
67,1,1
69,1,1
77,1,1
86,1,1
96,1,1
5,2,1
7,2,1
11,2,-1
25,2,1
36,2,1
39,2,-1
59,2,1
63,2,1
65,2,1
69,2,1
70,2,1
78,2,1
86,2,1
94,2,1
9,3,1
21,3,-1
32,3,1
53,3,-1
74,3,1
83,3,1
88,3,-1
91,3,1
6,4,1
8,4,1
12,4,1
23,4,1
34,4,-1
41,4,1
43,4,1
48,4,1
64,4,1
73,4,1
78,4,1
84,4,1
100,4,1
2,5,1
25,5,1
50,5,1
63,5,1
65,5,1
69,5,1
70,5,1
74,5,1
86,5,1
94,5,1
4,6,1
8,6,1
13,6,-1
15,6,1
37,6,1
59,6,1
60,6,1
73,6,1
97,6,1
100,6,1
2,7,1
5,7,1
25,7,1
26,7,1
27,7,1
51,7,1
63,7,1
65,7,1
69,7,1
70,7,1
86,7,1
94,7,1
4,8,1
6,8,1
13,8,-1
18,8,1
20,8,-1
37,8,1
41,8,1
47,8,1
76,8,1
94,8,1
97,8,1
100,8,1
22,9,1
30,9,1
32,9,1
49,9,1
66,9,1
88,9,-1
91,9,1
4,10,1
14,10,1
18,10,1
20,10,-1
21,10,-1
23,10,1
30,10,1
34,10,-1
48,10,1
57,10,-1
78,10,1
85,10,-1
90,10,-1
5,11,1
19,11,1
25,11,1
27,11,1
29,11,-1
36,11,1
39,11,-1
52,11,1
59,11,1
67,11,1
71,11,1
77,11,1
80,11,1
4,12,1
18,12,1
23,12,1
34,12,-1
41,12,1
48,12,1
73,12,1
100,12,1
4,13,1
6,13,1
8,13,1
9,13,1
15,13,1
32,13,1
33,13,-1
34,13,-1
37,13,1
66,13,1
70,13,1
97,13,1
20,14,-1
23,14,1
35,14,1
46,14,1
57,14,-1
72,14,-1
78,14,1
79,14,1
85,14,-1
90,14,-1
93,14,-1
4,15,1
26,15,1
37,15,1
40,15,1
41,15,1
51,15,1
54,15,1
64,15,1
65,15,1
70,15,1
73,15,1
76,15,1
84,15,1
24,16,1
28,16,1
30,16,1
38,16,1
40,16,1
45,16,1
47,16,1
66,16,1
79,16,1
3,17,1
9,17,1
21,17,-1
32,17,1
33,17,-1
50,17,1
55,17,1
56,17,-1
60,17,1
74,17,1
81,17,1
82,17,1
88,17,-1
89,17,1
91,17,1
92,17,1
4,18,1
10,18,1
12,18,1
14,18,1
20,18,-1
23,18,1
24,18,1
46,18,1
48,18,1
54,18,1
57,18,-1
73,18,1
80,18,1
85,18,-1
90,18,-1
94,18,1
1,19,1
11,19,-1
36,19,1
39,19,-1
44,19,1
52,19,1
59,19,1
67,19,1
71,19,1
80,19,1
98,19,-1
10,20,1
14,20,1
18,20,1
23,20,1
41,20,1
42,20,1
46,20,1
48,20,1
57,20,-1
72,20,-1
78,20,1
79,20,1
85,20,-1
90,20,-1
3,21,1
9,21,1
17,21,1
24,21,1
32,21,1
53,21,-1
74,21,1
79,21,1
83,21,1
87,21,1
88,21,-1
90,21,-1
91,21,1
9,22,1
16,22,1
24,22,1
27,22,1
28,22,1
30,22,1
31,22,1
38,22,1
40,22,1
45,22,1
49,22,1
58,22,-1
75,22,-1
79,22,1
10,23,1
12,23,1
14,23,1
18,23,1
20,23,-1
41,23,1
48,23,1
57,23,-1
78,23,1
85,23,-1
100,23,1
8,24,1
9,24,1
16,24,1
22,24,1
30,24,1
31,24,1
35,24,1
38,24,1
40,24,1
47,24,1
49,24,1
54,24,1
58,24,-1
65,24,1
66,24,1
75,24,-1
76,24,1
79,24,1
88,24,-1
89,24,1
91,24,1
1,25,1
2,25,1
26,25,1
38,25,1
52,25,1
56,25,-1
63,25,1
65,25,1
86,25,1
92,25,1
2,26,1
5,26,1
7,26,1
15,26,1
51,26,1
63,26,1
65,26,1
69,26,1
70,26,1
86,26,1
1,27,1
2,27,1
5,27,1
11,27,-1
19,27,1
25,27,1
36,27,1
52,27,1
59,27,1
69,27,1
70,27,1
86,27,1
20,28,-1
22,28,1
30,28,1
31,28,1
40,28,1
47,28,1
58,28,-1
75,28,-1
79,28,1
90,28,-1
19,29,1
39,29,-1
61,29,-1
71,29,1
72,29,-1
98,29,-1
8,30,1
9,30,1
13,30,-1
16,30,1
22,30,1
31,30,1
40,30,1
47,30,1
49,30,1
52,30,1
56,30,-1
66,30,1
68,30,1
72,30,-1
75,30,-1
76,30,1
9,31,1
16,31,1
22,31,1
28,31,1
38,31,1
40,31,1
45,31,1
47,31,1
49,31,1
58,31,-1
72,31,-1
75,31,-1
79,31,1
3,32,1
9,32,1
17,32,1
21,32,-1
22,32,1
24,32,1
33,32,-1
53,32,-1
55,32,1
60,32,1
66,32,1
74,32,1
81,32,1
82,32,1
88,32,-1
89,32,1
91,32,1
97,32,1
9,33,1
17,33,1
32,33,1
50,33,1
56,33,-1
60,33,1
81,33,1
88,33,-1
91,33,1
4,34,1
6,34,1
15,34,1
18,34,1
37,34,1
43,34,1
54,34,1
64,34,1
76,34,1
84,34,1
94,34,1
100,34,1
21,35,-1
44,35,1
46,35,1
50,35,1
56,35,-1
60,35,1
80,35,1
83,35,1
89,35,1
90,35,-1
92,35,1
1,36,1
11,36,-1
19,36,1
25,36,1
29,36,-1
39,36,-1
52,36,1
59,36,1
67,36,1
71,36,1
77,36,1
96,36,1
6,37,1
8,37,1
9,37,1
13,37,-1
32,37,1
56,37,-1
60,37,1
66,37,1
97,37,1
99,37,1
31,38,1
40,38,1
42,38,1
45,38,1
47,38,1
49,38,1
72,38,-1
75,38,-1
79,38,1
93,38,-1
1,39,1
2,39,1
11,39,-1
19,39,1
27,39,1
29,39,-1
36,39,1
52,39,1
59,39,1
61,39,-1
67,39,1
68,39,1
71,39,1
77,39,1
96,39,1
98,39,-1
16,40,1
22,40,1
28,40,1
31,40,1
38,40,1
45,40,1
47,40,1
49,40,1
58,40,-1
75,40,-1
79,40,1
4,41,1
12,41,1
18,41,1
23,41,1
34,41,-1
43,41,1
73,41,1
78,41,1
84,41,1
100,41,1
20,42,-1
38,42,1
47,42,1
72,42,-1
79,42,1
90,42,-1
93,42,-1
12,43,1
15,43,1
26,43,1
34,43,-1
41,43,1
48,43,1
54,43,1
64,43,1
73,43,1
76,43,1
84,43,1
94,43,1
100,43,1
21,44,-1
29,44,-1
62,44,1
80,44,1
83,44,1
87,44,1
90,44,-1
9,45,1
22,45,1
24,45,1
28,45,1
31,45,1
38,45,1
40,45,1
49,45,1
58,45,-1
75,45,-1
79,45,1
8,46,1
10,46,1
14,46,1
23,46,1
50,46,1
55,46,1
56,46,-1
62,46,1
80,46,1
82,46,1
85,46,-1
89,46,1
92,46,1
16,47,1
20,47,-1
22,47,1
24,47,1
28,47,1
30,47,1
31,47,1
38,47,1
40,47,1
42,47,1
45,47,1
58,47,-1
66,47,1
72,47,-1
75,47,-1
79,47,1
93,47,-1
4,48,1
8,48,1
10,48,1
12,48,1
14,48,1
18,48,1
34,48,-1
41,48,1
54,48,1
57,48,-1
64,48,1
73,48,1
76,48,1
85,48,-1
90,48,-1
100,48,1
2,49,1
16,49,1
20,49,-1
22,49,1
28,49,1
30,49,1
31,49,1
38,49,1
40,49,1
45,49,1
47,49,1
58,49,-1
75,49,-1
17,50,1
33,50,-1
46,50,1
55,50,1
56,50,-1
82,50,1
88,50,-1
89,50,1
92,50,1
99,50,1
2,51,1
7,51,1
26,51,1
34,51,-1
54,51,1
63,51,1
65,51,1
70,51,1
76,51,1
84,51,1
94,51,1
11,52,-1
19,52,1
27,52,1
29,52,-1
39,52,-1
59,52,1
67,52,1
71,52,1
77,52,1
87,52,1
96,52,1
98,52,-1
3,53,1
17,53,1
21,53,-1
74,53,1
88,53,-1
91,53,1
4,54,1
10,54,1
12,54,1
18,54,1
26,54,1
30,54,1
34,54,-1
41,54,1
43,54,1
48,54,1
51,54,1
57,54,-1
64,54,1
73,54,1
76,54,1
80,54,1
94,54,1
100,54,1
46,55,1
50,55,1
56,55,-1
60,55,1
89,55,1
91,55,1
92,55,1
99,55,1
5,56,1
46,56,1
50,56,1
55,56,1
89,56,1
92,56,1
10,57,1
18,57,1
20,57,-1
48,57,1
54,57,1
78,57,1
85,57,-1
28,58,1
31,58,1
40,58,1
45,58,1
49,58,1
75,58,-1
79,58,1
1,59,1
11,59,-1
19,59,1
25,59,1
27,59,1
29,59,-1
36,59,1
39,59,-1
52,59,1
67,59,1
71,59,1
77,59,1
6,60,1
32,60,1
33,60,-1
37,60,1
46,60,1
50,60,1
56,60,-1
66,60,1
74,60,1
82,60,1
89,60,1
91,60,1
92,60,1
97,60,1
99,60,1
11,61,-1
21,61,-1
29,61,-1
36,61,1
39,61,-1
44,61,1
62,61,1
67,61,1
77,61,1
80,61,1
87,61,1
95,61,-1
96,61,1
98,61,-1
10,62,1
18,62,1
20,62,-1
21,62,-1
28,62,1
29,62,-1
35,62,1
40,62,1
44,62,1
48,62,1
61,62,-1
66,62,1
80,62,1
83,62,1
87,62,1
89,62,1
90,62,-1
95,62,-1
98,62,-1
99,62,1
5,63,1
7,63,1
25,63,1
26,63,1
27,63,1
51,63,1
56,63,-1
65,63,1
68,63,1
69,63,1
70,63,1
86,63,1
4,64,1
6,64,1
8,64,1
12,64,1
15,64,1
24,64,1
34,64,-1
41,64,1
43,64,1
51,64,1
54,64,1
65,64,1
73,64,1
76,64,1
84,64,1
94,64,1
100,64,1
15,65,1
25,65,1
26,65,1
44,65,1
51,65,1
62,65,1
63,65,1
70,65,1
8,66,1
13,66,-1
22,66,1
30,66,1
37,66,1
97,66,1
1,67,1
2,67,1
11,67,-1
19,67,1
25,67,1
27,67,1
29,67,-1
36,67,1
39,67,-1
52,67,1
59,67,1
63,67,1
71,67,1
77,67,1
87,67,1
96,67,1
98,67,-1
5,68,1
16,68,1
21,68,-1
30,68,1
40,68,1
47,68,1
55,68,1
56,68,-1
63,68,1
65,68,1
74,68,1
79,68,1
83,68,1
87,68,1
88,68,-1
91,68,1
2,69,1
5,69,1
7,69,1
26,69,1
27,69,1
51,69,1
63,69,1
70,69,1
86,69,1
94,69,1
2,70,1
5,70,1
7,70,1
15,70,1
25,70,1
26,70,1
51,70,1
63,70,1
65,70,1
69,70,1
76,70,1
82,70,1
85,70,-1
94,70,1
1,71,1
11,71,-1
19,71,1
25,71,1
27,71,1
29,71,-1
39,71,-1
44,71,1
52,71,1
59,71,1
61,71,-1
62,71,1
67,71,1
77,71,1
80,71,1
87,71,1
95,71,-1
96,71,1
98,71,-1
10,72,1
14,72,1
16,72,1
18,72,1
20,72,-1
30,72,1
35,72,1
38,72,1
40,72,1
42,72,1
44,72,1
46,72,1
47,72,1
49,72,1
62,72,1
68,72,1
69,72,1
75,72,-1
79,72,1
80,72,1
83,72,1
85,72,-1
87,72,1
88,72,-1
90,72,-1
93,72,-1
4,73,1
6,73,1
8,73,1
12,73,1
13,73,-1
15,73,1
16,73,1
23,73,1
26,73,1
34,73,-1
41,73,1
43,73,1
48,73,1
54,73,1
64,73,1
76,73,1
84,73,1
100,73,1
3,74,1
17,74,1
21,74,-1
32,74,1
33,74,-1
37,74,1
53,74,-1
60,74,1
81,74,1
83,74,1
88,74,-1
91,74,1
5,75,1
16,75,1
24,75,1
30,75,1
31,75,1
40,75,1
45,75,1
47,75,1
49,75,1
58,75,-1
79,75,1
13,76,-1
15,76,1
26,76,1
34,76,-1
54,76,1
56,76,-1
64,76,1
84,76,1
89,76,1
94,76,1
1,77,1
11,77,-1
18,77,1
19,77,1
27,77,1
29,77,-1
36,77,1
39,77,-1
52,77,1
57,77,-1
59,77,1
62,77,1
65,77,1
67,77,1
71,77,1
89,77,1
4,78,1
8,78,1
10,78,1
14,78,1
18,78,1
20,78,-1
23,78,1
46,78,1
48,78,1
62,78,1
72,78,-1
100,78,1
16,79,1
20,79,-1
28,79,1
30,79,1
31,79,1
38,79,1
40,79,1
42,79,1
45,79,1
47,79,1
49,79,1
58,79,-1
72,79,-1
75,79,-1
83,79,1
93,79,-1
10,80,1
14,80,1
20,80,-1
29,80,-1
44,80,1
57,80,-1
61,80,-1
62,80,1
65,80,1
71,80,1
85,80,-1
87,80,1
95,80,-1
9,81,1
17,81,1
22,81,1
32,81,1
33,81,-1
56,81,-1
60,81,1
66,81,1
82,81,1
88,81,-1
89,81,1
91,81,1
92,81,1
96,81,1
97,81,1
16,82,1
24,82,1
33,82,-1
46,82,1
50,82,1
55,82,1
56,82,-1
63,82,1
65,82,1
66,82,1
89,82,1
91,82,1
92,82,1
99,82,1
14,83,1
17,83,1
20,83,-1
21,83,-1
38,83,1
44,83,1
53,83,-1
72,83,-1
79,83,1
88,83,-1
90,83,-1
91,83,1
93,83,-1
4,84,1
15,84,1
26,84,1
34,84,-1
41,84,1
51,84,1
54,84,1
64,84,1
76,84,1
94,84,1
100,84,1
14,85,1
20,85,-1
23,85,1
72,85,-1
78,85,1
90,85,-1
1,86,1
2,86,1
5,86,1
7,86,1
26,86,1
39,86,-1
51,86,1
63,86,1
65,86,1
69,86,1
70,86,1
11,87,-1
19,87,1
29,87,-1
35,87,1
44,87,1
61,87,-1
62,87,1
71,87,1
74,87,1
80,87,1
95,87,-1
96,87,1
98,87,-1
3,88,1
9,88,1
17,88,1
21,88,-1
22,88,1
32,88,1
33,88,-1
53,88,-1
55,88,1
74,88,1
83,88,1
91,88,1
17,89,1
33,89,-1
35,89,1
46,89,1
50,89,1
55,89,1
56,89,-1
60,89,1
66,89,1
82,89,1
90,89,-1
92,89,1
14,90,1
20,90,-1
42,90,1
46,90,1
57,90,-1
72,90,-1
79,90,1
83,90,1
85,90,-1
89,90,1
92,90,1
93,90,-1
99,90,1
3,91,1
9,91,1
17,91,1
21,91,-1
32,91,1
33,91,-1
53,91,-1
74,91,1
81,91,1
88,91,-1
89,91,1
92,91,1
6,92,1
17,92,1
32,92,1
33,92,-1
35,92,1
46,92,1
50,92,1
55,92,1
56,92,-1
60,92,1
74,92,1
81,92,1
82,92,1
88,92,-1
89,92,1
91,92,1
99,92,1
14,93,1
20,93,-1
31,93,1
38,93,1
40,93,1
42,93,1
44,93,1
47,93,1
72,93,-1
79,93,1
83,93,1
85,93,-1
90,93,-1
1,94,1
4,94,1
18,94,1
25,94,1
34,94,-1
51,94,1
54,94,1
63,94,1
64,94,1
69,94,1
70,94,1
76,94,1
86,94,1
11,95,-1
19,95,1
20,95,-1
25,95,1
27,95,1
29,95,-1
35,95,1
44,95,1
52,95,1
61,95,-1
62,95,1
65,95,1
80,95,1
87,95,1
96,95,1
98,95,-1
19,96,1
25,96,1
29,96,-1
39,96,-1
47,96,1
59,96,1
61,96,-1
67,96,1
98,96,-1
4,97,1
6,97,1
8,97,1
9,97,1
13,97,-1
30,97,1
32,97,1
37,97,1
60,97,1
66,97,1
89,97,1
92,97,1
99,97,1
1,98,1
2,98,1
19,98,1
21,98,-1
25,98,1
29,98,-1
39,98,-1
44,98,1
59,98,1
61,98,-1
67,98,1
71,98,1
77,98,1
80,98,1
87,98,1
95,98,-1
96,98,1
6,99,1
13,99,-1
15,99,1
17,99,1
34,99,-1
37,99,1
46,99,1
56,99,-1
60,99,1
65,99,1
66,99,1
74,99,1
82,99,1
89,99,1
91,99,1
92,99,1
97,99,1
4,100,1
12,100,1
18,100,1
34,100,-1
41,100,1
43,100,1
48,100,1
54,100,1
73,100,1
94,100,1
