12,1,1
29,1,1
31,1,1
63,1,-1
72,1,1
78,1,1
89,1,-1
11,2,1
17,2,1
22,2,1
24,2,1
25,2,1
27,2,1
37,2,1
38,2,1
43,2,1
51,2,1
56,2,1
64,2,1
68,2,1
75,2,-1
95,2,1
1,3,-1
18,3,1
20,3,1
21,3,1
42,3,-1
47,3,1
52,3,-1
69,3,1
72,3,1
82,3,1
86,3,-1
1,4,-1
12,4,1
31,4,1
34,4,1
36,4,1
68,4,1
78,4,1
79,4,1
80,4,1
87,4,1
89,4,-1
92,4,1
9,5,1
14,5,1
32,5,1
41,5,1
44,5,-1
48,5,1
49,5,1
50,5,1
57,5,1
74,5,1
29,6,1
39,6,-1
48,6,1
53,6,1
54,6,1
57,6,1
66,6,1
86,6,-1
2,7,1
5,7,1
9,7,1
22,7,1
26,7,1
27,7,1
30,7,1
37,7,1
38,7,1
41,7,1
48,7,1
49,7,1
50,7,1
57,7,1
60,7,-1
74,7,1
19,8,1
35,8,1
55,8,1
59,8,1
65,8,1
86,8,-1
5,9,1
14,9,1
26,9,1
30,9,1
32,9,1
37,9,1
41,9,1
44,9,-1
48,9,1
49,9,1
50,9,1
51,9,1
57,9,1
66,9,1
68,9,1
74,9,1
18,10,1
23,10,1
25,10,1
46,10,1
47,10,1
58,10,1
62,10,-1
81,10,1
82,10,1
84,10,1
88,10,1
97,10,1
100,10,1
17,11,1
22,11,1
24,11,1
38,11,1
43,11,1
56,11,1
75,11,-1
1,12,-1
4,12,1
15,12,1
28,12,-1
29,12,1
34,12,1
36,12,1
63,12,-1
68,12,1
75,12,-1
78,12,1
79,12,1
87,12,1
89,12,-1
92,12,1
16,13,-1
45,13,-1
70,13,-1
73,13,1
77,13,1
85,13,1
94,13,1
96,13,-1
5,14,1
7,14,1
9,14,1
16,14,-1
30,14,1
32,14,1
36,14,1
41,14,1
44,14,-1
48,14,1
49,14,1
50,14,1
57,14,1
74,14,1
1,15,-1
31,15,1
34,15,1
42,15,-1
52,15,-1
63,15,-1
72,15,1
91,15,1
13,16,1
33,16,-1
40,16,1
42,16,-1
45,16,-1
70,16,-1
71,16,1
73,16,1
77,16,1
80,16,1
85,16,1
90,16,1
92,16,1
96,16,-1
98,16,-1
2,17,1
11,17,1
22,17,1
24,17,1
27,17,1
38,17,1
43,17,1
56,17,1
61,17,1
75,17,-1
77,17,1
85,17,1
94,17,1
1,18,-1
3,18,1
20,18,1
21,18,1
42,18,-1
47,18,1
52,18,-1
69,18,1
72,18,1
76,18,1
93,18,1
8,19,1
29,19,1
35,19,1
39,19,-1
53,19,1
55,19,1
59,19,1
65,19,1
83,19,1
86,19,-1
99,19,1
3,20,1
10,20,1
18,20,1
21,20,1
42,20,-1
47,20,1
52,20,-1
69,20,1
72,20,1
76,20,1
84,20,1
88,20,1
97,20,1
1,21,-1
3,21,1
18,21,1
20,21,1
42,21,-1
52,21,-1
69,21,1
72,21,1
76,21,1
83,21,1
2,22,1
11,22,1
17,22,1
24,22,1
29,22,1
31,22,1
38,22,1
40,22,1
43,22,1
56,22,1
61,22,1
75,22,-1
77,22,1
79,22,1
85,22,1
94,22,1
10,23,1
25,23,1
46,23,1
58,23,1
62,23,-1
81,23,1
84,23,1
88,23,1
90,23,1
91,23,1
95,23,1
97,23,1
99,23,1
100,23,1
2,24,1
11,24,1
17,24,1
22,24,1
27,24,1
38,24,1
43,24,1
56,24,1
61,24,1
75,24,-1
77,24,1
85,24,1
94,24,1
96,24,-1
46,25,1
81,25,1
84,25,1
90,25,1
95,25,1
97,25,1
7,26,1
37,26,1
38,26,1
41,26,1
50,26,1
51,26,1
60,26,-1
64,26,1
74,26,1
82,26,1
17,27,1
33,27,-1
38,27,1
40,27,1
43,27,1
56,27,1
61,27,1
69,27,1
70,27,-1
74,27,1
77,27,1
4,28,1
36,28,1
67,28,1
78,28,1
80,28,1
89,28,-1
92,28,1
1,29,-1
6,29,-1
8,29,1
15,29,1
34,29,1
35,29,1
39,29,-1
48,29,1
54,29,1
55,29,1
57,29,1
66,29,1
83,29,1
86,29,-1
5,30,1
9,30,1
14,30,1
26,30,1
32,30,1
37,30,1
41,30,1
44,30,-1
48,30,1
49,30,1
50,30,1
74,30,1
1,31,-1
4,31,1
12,31,1
15,31,1
23,31,1
34,31,1
36,31,1
63,31,-1
68,31,1
72,31,1
78,31,1
79,31,1
89,31,-1
90,31,1
91,31,1
92,31,1
5,32,1
7,32,1
9,32,1
14,32,1
41,32,1
44,32,-1
49,32,1
50,32,1
57,32,1
74,32,1
13,33,1
40,33,1
45,33,-1
70,33,-1
71,33,1
73,33,1
74,33,1
85,33,1
94,33,1
96,33,-1
98,33,-1
15,34,1
31,34,1
42,34,-1
63,34,-1
68,34,1
72,34,1
91,34,1
6,35,-1
8,35,1
19,35,1
29,35,1
39,35,-1
53,35,1
55,35,1
65,35,1
86,35,-1
4,36,1
12,36,1
28,36,-1
31,36,1
63,36,-1
67,36,1
68,36,1
75,36,-1
78,36,1
79,36,1
80,36,1
87,36,1
89,36,-1
92,36,1
94,36,1
7,37,1
14,37,1
26,37,1
30,37,1
41,37,1
49,37,1
50,37,1
51,37,1
56,37,1
60,37,-1
64,37,1
74,37,1
81,37,1
82,37,1
95,37,1
97,37,1
100,37,1
2,38,1
11,38,1
17,38,1
22,38,1
24,38,1
27,38,1
43,38,1
56,38,1
61,38,1
66,38,1
75,38,-1
77,38,1
8,39,1
19,39,1
29,39,1
35,39,1
48,39,1
53,39,1
55,39,1
59,39,1
65,39,1
66,39,1
83,39,1
86,39,-1
13,40,1
16,40,-1
17,40,1
33,40,-1
45,40,-1
70,40,-1
71,40,1
73,40,1
85,40,1
96,40,-1
98,40,-1
5,41,1
7,41,1
9,41,1
14,41,1
30,41,1
32,41,1
37,41,1
44,41,-1
49,41,1
50,41,1
51,41,1
74,41,1
3,42,1
15,42,1
18,42,1
20,42,1
21,42,1
29,42,1
34,42,1
47,42,1
52,42,-1
69,42,1
72,42,1
75,42,-1
86,42,-1
93,42,1
96,42,-1
2,43,1
11,43,1
17,43,1
22,43,1
24,43,1
38,43,1
56,43,1
61,43,1
72,43,1
75,43,-1
77,43,1
5,44,1
7,44,1
9,44,1
14,44,1
27,44,1
30,44,1
32,44,1
41,44,1
48,44,1
49,44,1
50,44,1
57,44,1
60,44,-1
74,44,1
16,45,-1
22,45,1
27,45,1
33,45,-1
40,45,1
64,45,1
70,45,-1
71,45,1
73,45,1
85,45,1
94,45,1
96,45,-1
98,45,-1
10,46,1
23,46,1
25,46,1
62,46,-1
81,46,1
84,46,1
88,46,1
90,46,1
95,46,1
100,46,1
3,47,1
8,47,1
10,47,1
20,47,1
21,47,1
23,47,1
42,47,-1
52,47,-1
69,47,1
76,47,1
81,47,1
82,47,1
84,47,1
88,47,1
93,47,1
97,47,1
100,47,1
6,48,-1
9,48,1
14,48,1
29,48,1
44,48,-1
49,48,1
53,48,1
54,48,1
55,48,1
57,48,1
66,48,1
83,48,1
86,48,-1
5,49,1
9,49,1
14,49,1
26,49,1
30,49,1
32,49,1
41,49,1
44,49,-1
50,49,1
54,49,1
74,49,1
5,50,1
7,50,1
9,50,1
14,50,1
32,50,1
37,50,1
41,50,1
44,50,-1
49,50,1
51,50,1
57,50,1
60,50,-1
74,50,1
100,50,1
2,51,1
7,51,1
26,51,1
37,51,1
38,51,1
49,51,1
60,51,-1
64,51,1
74,51,1
82,51,1
97,51,1
100,51,1
3,52,1
10,52,1
18,52,1
20,52,1
21,52,1
42,52,-1
47,52,1
63,52,-1
69,52,1
72,52,1
76,52,1
86,52,-1
88,52,1
93,52,1
96,52,-1
100,52,1
6,53,-1
8,53,1
19,53,1
29,53,1
35,53,1
39,53,-1
54,53,1
55,53,1
57,53,1
66,53,1
75,53,-1
83,53,1
86,53,-1
6,54,-1
9,54,1
14,54,1
48,54,1
49,54,1
53,54,1
57,54,1
66,54,1
74,54,1
8,55,1
19,55,1
29,55,1
35,55,1
39,55,-1
59,55,1
65,55,1
66,55,1
83,55,1
86,55,-1
99,55,1
11,56,1
17,56,1
22,56,1
24,56,1
38,56,1
43,56,1
75,56,-1
77,56,1
5,57,1
6,57,-1
9,57,1
14,57,1
48,57,1
49,57,1
53,57,1
54,57,1
66,57,1
74,57,1
83,57,1
10,58,1
23,58,1
25,58,1
46,58,1
62,58,-1
81,58,1
84,58,1
88,58,1
95,58,1
100,58,1
4,59,1
8,59,1
19,59,1
29,59,1
35,59,1
39,59,-1
53,59,1
55,59,1
65,59,1
66,59,1
83,59,1
86,59,-1
99,59,1
26,60,1
37,60,1
41,60,1
49,60,1
51,60,1
82,60,1
100,60,1
11,61,1
17,61,1
22,61,1
24,61,1
27,61,1
33,61,-1
38,61,1
43,61,1
50,61,1
56,61,1
70,61,-1
75,61,-1
77,61,1
86,61,-1
89,61,-1
94,61,1
10,62,1
23,62,1
25,62,1
46,62,1
58,62,1
84,62,1
95,62,1
100,62,1
1,63,-1
4,63,1
12,63,1
15,63,1
29,63,1
31,63,1
34,63,1
36,63,1
67,63,1
78,63,1
79,63,1
80,63,1
87,63,1
89,63,-1
91,63,1
92,63,1
37,64,1
49,64,1
51,64,1
60,64,-1
82,64,1
95,64,1
100,64,1
8,65,1
19,65,1
29,65,1
35,65,1
39,65,-1
53,65,1
55,65,1
59,65,1
83,65,1
86,65,-1
99,65,1
6,66,-1
35,66,1
41,66,1
48,66,1
54,66,1
72,66,1
83,66,1
86,66,-1
4,67,1
28,67,-1
36,67,1
78,67,1
79,67,1
80,67,1
89,67,-1
92,67,1
4,68,1
12,68,1
23,68,1
36,68,1
79,68,1
87,68,1
92,68,1
99,68,1
3,69,1
15,69,1
18,69,1
20,69,1
21,69,1
42,69,-1
47,69,1
52,69,-1
72,69,1
93,69,1
97,69,1
16,70,-1
33,70,-1
40,70,1
45,70,-1
56,70,1
61,70,1
73,70,1
85,70,1
94,70,1
96,70,-1
98,70,-1
13,71,1
16,71,-1
33,71,-1
40,71,1
45,71,-1
70,71,-1
73,71,1
83,71,1
85,71,1
94,71,1
96,71,-1
1,72,-1
3,72,1
15,72,1
18,72,1
20,72,1
21,72,1
31,72,1
34,72,1
42,72,-1
47,72,1
52,72,-1
63,72,-1
69,72,1
91,72,1
93,72,1
13,73,1
16,73,-1
27,73,1
33,73,-1
40,73,1
45,73,-1
60,73,-1
70,73,-1
71,73,1
85,73,1
94,73,1
96,73,-1
98,73,-1
9,74,1
14,74,1
26,74,1
30,74,1
32,74,1
41,74,1
44,74,-1
48,74,1
49,74,1
50,74,1
57,74,1
60,74,-1
66,74,1
70,74,-1
73,74,1
94,74,1
11,75,1
17,75,1
22,75,1
24,75,1
38,75,1
43,75,1
56,75,1
77,75,1
85,75,1
94,75,1
3,76,1
10,76,1
20,76,1
21,76,1
42,76,-1
47,76,1
52,76,-1
72,76,1
88,76,1
97,76,1
11,77,1
17,77,1
22,77,1
24,77,1
38,77,1
43,77,1
56,77,1
1,78,-1
4,78,1
12,78,1
15,78,1
28,78,-1
31,78,1
34,78,1
36,78,1
54,78,1
63,78,-1
67,78,1
68,78,1
79,78,1
80,78,1
87,78,1
89,78,-1
91,78,1
92,78,1
93,78,1
1,79,-1
4,79,1
12,79,1
15,79,1
28,79,-1
29,79,1
31,79,1
34,79,1
36,79,1
68,79,1
78,79,1
80,79,1
87,79,1
89,79,-1
92,79,1
12,80,1
28,80,-1
36,80,1
63,80,-1
67,80,1
78,80,1
79,80,1
89,80,-1
92,80,1
3,81,1
10,81,1
23,81,1
25,81,1
26,81,1
42,81,-1
46,81,1
47,81,1
52,81,-1
58,81,1
62,81,-1
64,81,1
68,81,1
82,81,1
84,81,1
88,81,1
90,81,1
91,81,1
95,81,1
97,81,1
99,81,1
100,81,1
10,82,1
20,82,1
23,82,1
25,82,1
27,82,1
37,82,1
41,82,1
46,82,1
47,82,1
50,82,1
51,82,1
52,82,-1
60,82,-1
64,82,1
76,82,1
81,82,1
84,82,1
88,82,1
97,82,1
100,82,1
6,83,-1
8,83,1
29,83,1
35,83,1
39,83,-1
48,83,1
54,83,1
55,83,1
65,83,1
66,83,1
86,83,-1
10,84,1
23,84,1
25,84,1
46,84,1
81,84,1
88,84,1
97,84,1
2,85,1
11,85,1
13,85,1
16,85,-1
17,85,1
27,85,1
33,85,-1
38,85,1
40,85,1
45,85,-1
55,85,1
56,85,1
61,85,1
70,85,-1
71,85,1
73,85,1
75,85,-1
77,85,1
94,85,1
96,85,-1
98,85,-1
8,86,1
19,86,1
21,86,1
29,86,1
35,86,1
39,86,-1
48,86,1
53,86,1
54,86,1
55,86,1
66,86,1
69,86,1
83,86,1
4,87,1
12,87,1
28,87,-1
31,87,1
36,87,1
67,87,1
68,87,1
78,87,1
80,87,1
89,87,-1
92,87,1
10,88,1
25,88,1
46,88,1
47,88,1
62,88,-1
76,88,1
82,88,1
84,88,1
90,88,1
95,88,1
97,88,1
1,89,-1
4,89,1
12,89,1
15,89,1
21,89,1
28,89,-1
31,89,1
34,89,1
36,89,1
63,89,-1
67,89,1
68,89,1
78,89,1
79,89,1
80,89,1
87,89,1
90,89,1
91,89,1
92,89,1
94,89,1
9,90,1
23,90,1
25,90,1
34,90,1
40,90,1
46,90,1
68,90,1
77,90,1
81,90,1
91,90,1
95,90,1
99,90,1
100,90,1
1,91,-1
12,91,1
15,91,1
25,91,1
31,91,1
34,91,1
63,91,-1
68,91,1
79,91,1
90,91,1
95,91,1
99,91,1
4,92,1
12,92,1
28,92,-1
36,92,1
67,92,1
68,92,1
78,92,1
79,92,1
80,92,1
87,92,1
89,92,-1
6,93,-1
15,93,1
18,93,1
20,93,1
21,93,1
42,93,-1
47,93,1
52,93,-1
69,93,1
72,93,1
86,93,-1
2,94,1
11,94,1
13,94,1
27,94,1
33,94,-1
38,94,1
40,94,1
43,94,1
45,94,-1
56,94,1
61,94,1
70,94,-1
73,94,1
77,94,1
96,94,-1
23,95,1
25,95,1
46,95,1
58,95,1
62,95,-1
81,95,1
84,95,1
90,95,1
91,95,1
99,95,1
100,95,1
16,96,-1
33,96,-1
40,96,1
45,96,-1
70,96,-1
71,96,1
73,96,1
85,96,1
98,96,-1
10,97,1
31,97,1
46,97,1
47,97,1
52,97,-1
62,97,-1
64,97,1
76,97,1
82,97,1
84,97,1
88,97,1
95,97,1
100,97,1
13,98,1
16,98,-1
40,98,1
45,98,-1
52,98,-1
70,98,-1
71,98,1
73,98,1
94,98,1
96,98,-1
23,99,1
25,99,1
46,99,1
69,99,1
81,99,1
84,99,1
86,99,-1
90,99,1
91,99,1
95,99,1
10,100,1
23,100,1
26,100,1
37,100,1
46,100,1
62,100,-1
64,100,1
81,100,1
82,100,1
84,100,1
95,100,1
