19,1,1
63,1,1
70,1,-1
77,1,1
82,1,-1
84,1,-1
87,1,1
94,1,-1
99,1,-1
100,1,-1
8,2,1
20,2,1
29,2,1
34,2,1
44,2,1
51,2,1
58,2,1
76,2,1
80,2,1
93,2,1
18,3,1
21,3,-1
37,3,-1
45,3,-1
49,3,1
51,3,1
52,3,1
61,3,1
73,3,1
74,3,1
86,3,1
10,4,-1
16,4,1
17,4,1
36,4,1
54,4,1
55,4,1
68,4,1
72,4,1
98,4,-1
10,5,-1
19,5,1
25,5,1
29,5,1
31,5,1
35,5,1
39,5,1
47,5,1
51,5,1
59,5,1
78,5,-1
80,5,1
90,5,1
99,5,-1
7,6,1
11,6,1
42,6,1
56,6,-1
62,6,1
88,6,1
4,7,1
11,7,1
17,7,1
36,7,1
42,7,1
68,7,1
69,7,-1
72,7,1
88,7,1
99,7,-1
13,8,1
14,8,1
20,8,1
29,8,1
38,8,1
40,8,1
41,8,1
43,8,1
44,8,1
51,8,1
56,8,-1
58,8,1
69,8,-1
76,8,1
1,9,1
5,9,1
10,9,-1
20,9,1
40,9,1
42,9,1
56,9,-1
57,9,1
62,9,1
63,9,1
69,9,-1
76,9,1
77,9,1
79,9,1
81,9,1
82,9,-1
83,9,1
90,9,1
95,9,1
15,10,-1
19,10,1
25,10,1
33,10,1
39,10,1
57,10,1
65,10,1
75,10,-1
77,10,1
82,10,-1
84,10,-1
87,10,1
90,10,1
100,10,-1
4,11,1
6,11,1
16,11,1
36,11,1
42,11,1
54,11,1
55,11,1
68,11,1
72,11,1
88,11,1
10,12,-1
23,12,1
24,12,1
32,12,1
38,12,1
46,12,1
48,12,1
52,12,1
67,12,1
70,12,-1
5,13,1
8,13,1
14,13,1
20,13,1
23,13,1
31,13,1
32,13,1
36,13,1
38,13,1
40,13,1
42,13,1
43,13,1
50,13,-1
53,13,1
56,13,-1
62,13,1
69,13,-1
88,13,1
92,13,1
99,13,-1
8,14,1
13,14,1
36,14,1
38,14,1
53,14,1
56,14,-1
62,14,1
64,14,1
92,14,1
5,15,1
9,15,1
10,15,-1
19,15,1
25,15,1
33,15,1
57,15,1
65,15,1
75,15,-1
78,15,-1
79,15,1
82,15,-1
84,15,-1
87,15,1
90,15,1
100,15,-1
4,16,1
7,16,1
11,16,1
17,16,1
36,16,1
40,16,1
43,16,1
50,16,-1
54,16,1
55,16,1
68,16,1
69,16,-1
72,16,1
95,16,1
98,16,-1
99,16,-1
4,17,1
11,17,1
36,17,1
42,17,1
55,17,1
68,17,1
72,17,1
21,18,-1
26,18,1
45,18,-1
49,18,1
52,18,1
61,18,1
66,18,1
67,18,1
73,18,1
74,18,1
91,18,1
10,19,-1
33,19,1
65,19,1
75,19,-1
77,19,1
82,19,-1
87,19,1
2,20,1
22,20,1
29,20,1
34,20,1
41,20,1
43,20,1
51,20,1
58,20,1
76,20,1
93,20,1
3,21,1
18,21,1
45,21,-1
49,21,1
52,21,1
61,21,1
62,21,1
66,21,1
71,21,-1
73,21,1
74,21,1
81,21,1
91,21,1
8,22,1
13,22,1
20,22,1
29,22,1
34,22,1
41,22,1
43,22,1
44,22,1
50,22,-1
51,22,1
54,22,1
58,22,1
69,22,-1
76,22,1
98,22,-1
8,23,1
14,23,1
24,23,1
28,23,1
32,23,1
38,23,1
43,23,1
46,23,1
48,23,1
53,23,1
56,23,-1
64,23,1
85,23,1
92,23,1
97,23,1
12,24,1
23,24,1
28,24,1
32,24,1
38,24,1
46,24,1
48,24,1
52,24,1
53,24,1
62,24,1
64,24,1
67,24,1
70,24,-1
92,24,1
5,25,1
10,25,-1
19,25,1
33,25,1
39,25,1
59,25,1
65,25,1
75,25,-1
78,25,-1
79,25,1
82,25,-1
87,25,1
90,25,1
3,26,1
8,26,1
14,26,1
18,26,1
21,26,-1
45,26,-1
49,26,1
53,26,1
61,26,1
73,26,1
74,26,1
86,26,1
91,26,1
1,27,1
23,27,1
24,27,1
28,27,1
32,27,1
38,27,1
46,27,1
48,27,1
52,27,1
63,27,1
66,27,1
67,27,1
70,27,-1
85,27,1
87,27,1
91,27,1
12,28,1
23,28,1
24,28,1
32,28,1
38,28,1
46,28,1
48,28,1
64,28,1
67,28,1
70,28,-1
91,28,1
92,28,1
20,29,1
34,29,1
51,29,1
58,29,1
76,29,1
93,29,1
37,30,-1
49,30,1
60,30,1
71,30,-1
74,30,1
83,30,1
89,30,1
94,30,-1
96,30,1
97,30,1
5,31,1
25,31,1
35,31,1
39,31,1
51,31,1
59,31,1
78,31,-1
80,31,1
90,31,1
99,31,-1
23,32,1
24,32,1
28,32,1
38,32,1
46,32,1
48,32,1
53,32,1
67,32,1
91,32,1
92,32,1
9,33,1
10,33,-1
15,33,-1
19,33,1
25,33,1
39,33,1
57,33,1
65,33,1
75,33,-1
77,33,1
82,33,-1
84,33,-1
87,33,1
90,33,1
2,34,1
20,34,1
29,34,1
44,34,1
51,34,1
58,34,1
93,34,1
2,35,1
5,35,1
25,35,1
31,35,1
39,35,1
52,35,1
54,35,1
59,35,1
78,35,-1
79,35,1
80,35,1
90,35,1
93,35,1
4,36,1
6,36,1
7,36,1
11,36,1
16,36,1
42,36,1
50,36,-1
54,36,1
55,36,1
68,36,1
69,36,-1
72,36,1
84,36,-1
98,36,-1
99,36,-1
30,37,1
47,37,1
60,37,1
63,37,1
71,37,-1
83,37,1
86,37,1
87,37,1
89,37,1
91,37,1
94,37,-1
96,37,1
97,37,1
8,38,1
12,38,1
13,38,1
14,38,1
23,38,1
24,38,1
29,38,1
32,38,1
48,38,1
53,38,1
56,38,-1
64,38,1
67,38,1
72,38,1
92,38,1
5,39,1
31,39,1
35,39,1
51,39,1
59,39,1
78,39,-1
80,39,1
90,39,1
6,40,1
14,40,1
34,40,1
36,40,1
39,40,1
43,40,1
44,40,1
50,40,-1
54,40,1
56,40,-1
62,40,1
63,40,1
69,40,-1
88,40,1
2,41,1
20,41,1
22,41,1
34,41,1
44,41,1
51,41,1
58,41,1
76,41,1
4,42,1
6,42,1
7,42,1
11,42,1
16,42,1
20,42,1
36,42,1
40,42,1
55,42,1
58,42,1
62,42,1
72,42,1
84,42,-1
88,42,1
98,42,-1
99,42,-1
8,43,1
13,43,1
22,43,1
40,43,1
44,43,1
58,43,1
69,43,-1
76,43,1
8,44,1
13,44,1
20,44,1
22,44,1
41,44,1
43,44,1
51,44,1
58,44,1
69,44,-1
76,44,1
3,45,1
18,45,1
21,45,-1
26,45,1
49,45,1
51,45,1
61,45,1
66,45,1
73,45,1
74,45,1
85,45,1
91,45,1
12,46,1
23,46,1
24,46,1
27,46,1
28,46,1
32,46,1
48,46,1
52,46,1
64,46,1
67,46,1
70,46,-1
78,46,-1
85,46,1
91,46,1
1,47,1
31,47,1
39,47,1
60,47,1
71,47,-1
79,47,1
80,47,1
83,47,1
89,47,1
90,47,1
94,47,-1
96,47,1
1,48,1
3,48,1
12,48,1
21,48,-1
23,48,1
27,48,1
32,48,1
38,48,1
46,48,1
52,48,1
56,48,-1
62,48,1
67,48,1
70,48,-1
73,48,1
85,48,1
91,48,1
3,49,1
18,49,1
21,49,-1
37,49,-1
45,49,-1
52,49,1
61,49,1
66,49,1
71,49,-1
73,49,1
74,49,1
85,49,1
89,49,1
91,49,1
6,50,1
11,50,1
16,50,1
34,50,1
40,50,1
43,50,1
44,50,1
58,50,1
69,50,-1
93,50,1
95,50,1
2,51,1
20,51,1
29,51,1
35,51,1
41,51,1
58,51,1
76,51,1
93,51,1
12,52,1
19,52,1
27,52,1
32,52,1
45,52,-1
46,52,1
48,52,1
66,52,1
67,52,1
85,52,1
91,52,1
8,53,1
9,53,1
12,53,1
13,53,1
14,53,1
23,53,1
24,53,1
32,53,1
38,53,1
40,53,1
56,53,-1
62,53,1
64,53,1
88,53,1
92,53,1
99,53,-1
10,54,-1
36,54,1
55,54,1
98,54,-1
4,55,1
11,55,1
16,55,1
17,55,1
23,55,1
36,55,1
50,55,-1
54,55,1
95,55,1
98,55,-1
8,56,1
9,56,1
11,56,1
13,56,1
14,56,1
24,56,1
26,56,1
38,56,1
43,56,1
53,56,1
62,56,1
64,56,1
72,56,1
88,56,1
92,56,1
9,57,1
10,57,-1
15,57,-1
19,57,1
33,57,1
65,57,1
75,57,-1
77,57,1
79,57,1
82,57,-1
87,57,1
2,58,1
8,58,1
20,58,1
22,58,1
29,58,1
34,58,1
41,58,1
44,58,1
51,58,1
69,58,-1
76,58,1
4,59,1
5,59,1
10,59,-1
19,59,1
25,59,1
31,59,1
35,59,1
39,59,1
47,59,1
78,59,-1
79,59,1
80,59,1
90,59,1
30,60,1
37,60,-1
47,60,1
71,60,-1
80,60,1
83,60,1
86,60,1
89,60,1
94,60,-1
96,60,1
97,60,1
18,61,1
49,61,1
71,61,-1
73,61,1
74,61,1
89,61,1
91,61,1
6,62,1
9,62,1
14,62,1
29,62,1
38,62,1
40,62,1
42,62,1
56,62,-1
70,62,-1
72,62,1
88,62,1
1,63,1
37,63,-1
39,63,1
54,63,1
70,63,-1
83,63,1
94,63,-1
96,63,1
8,64,1
12,64,1
13,64,1
14,64,1
23,64,1
24,64,1
28,64,1
32,64,1
38,64,1
39,64,1
48,64,1
52,64,1
53,64,1
56,64,-1
62,64,1
67,64,1
70,64,-1
92,64,1
95,64,1
9,65,1
10,65,-1
15,65,-1
19,65,1
26,65,1
33,65,1
57,65,1
75,65,-1
77,65,1
82,65,-1
84,65,-1
86,65,1
87,65,1
100,65,-1
3,66,1
21,66,-1
32,66,1
37,66,-1
45,66,-1
49,66,1
52,66,1
61,66,1
67,66,1
73,66,1
91,66,1
27,67,1
45,67,-1
46,67,1
48,67,1
52,67,1
61,67,1
66,67,1
70,67,-1
91,67,1
7,68,1
16,68,1
17,68,1
36,68,1
42,68,1
55,68,1
72,68,1
99,68,-1
20,69,1
22,69,1
23,69,1
34,69,1
36,69,1
40,69,1
42,69,1
43,69,1
44,69,1
50,69,-1
58,69,1
88,69,1
1,70,1
24,70,1
27,70,1
46,70,1
48,70,1
63,70,1
67,70,1
97,70,1
18,71,1
26,71,1
30,71,1
37,71,-1
49,71,1
61,71,1
62,71,1
63,71,1
74,71,1
83,71,1
89,71,1
91,71,1
94,71,-1
96,71,1
97,71,1
4,72,1
6,72,1
7,72,1
11,72,1
16,72,1
17,72,1
36,72,1
42,72,1
54,72,1
55,72,1
56,72,-1
62,72,1
68,72,1
88,72,1
95,72,1
98,72,-1
99,72,-1
3,73,1
18,73,1
26,73,1
37,73,-1
45,73,-1
49,73,1
52,73,1
61,73,1
71,73,-1
74,73,1
89,73,1
91,73,1
3,74,1
9,74,1
18,74,1
21,74,-1
26,74,1
45,74,-1
49,74,1
61,74,1
66,74,1
71,74,-1
73,74,1
81,74,1
86,74,1
91,74,1
10,75,-1
19,75,1
33,75,1
57,75,1
65,75,1
77,75,1
82,75,-1
84,75,-1
87,75,1
100,75,-1
2,76,1
8,76,1
20,76,1
22,76,1
29,76,1
34,76,1
41,76,1
44,76,1
50,76,-1
51,76,1
58,76,1
69,76,-1
80,76,1
93,76,1
1,77,1
10,77,-1
15,77,-1
19,77,1
33,77,1
57,77,1
65,77,1
75,77,-1
82,77,-1
84,77,-1
87,77,1
94,77,-1
5,78,1
10,78,-1
29,78,1
31,78,1
35,78,1
39,78,1
59,78,1
79,78,1
90,78,1
100,78,-1
5,79,1
10,79,-1
15,79,-1
33,79,1
35,79,1
78,79,-1
80,79,1
81,79,1
90,79,1
98,79,-1
99,79,-1
100,79,-1
2,80,1
5,80,1
31,80,1
35,80,1
39,80,1
47,80,1
51,80,1
58,80,1
59,80,1
60,80,1
66,80,1
90,80,1
99,80,-1
3,81,1
9,81,1
30,81,1
47,81,1
48,81,1
51,81,1
61,81,1
71,81,-1
73,81,1
74,81,1
78,81,-1
86,81,1
89,81,1
91,81,1
10,82,-1
19,82,1
33,82,1
75,82,-1
77,82,1
84,82,-1
87,82,1
90,82,1
3,83,1
30,83,1
37,83,-1
47,83,1
59,83,1
60,83,1
63,83,1
71,83,-1
74,83,1
78,83,-1
80,83,1
86,83,1
89,83,1
94,83,-1
96,83,1
4,84,1
10,84,-1
16,84,1
17,84,1
19,84,1
36,84,1
54,84,1
65,84,1
68,84,1
72,84,1
75,84,-1
77,84,1
87,84,1
99,84,-1
100,84,-1
3,85,1
21,85,-1
23,85,1
46,85,1
48,85,1
49,85,1
66,85,1
67,85,1
73,85,1
91,85,1
93,85,1
97,85,1
3,86,1
30,86,1
37,86,-1
47,86,1
60,86,1
61,86,1
71,86,-1
73,86,1
74,86,1
78,86,-1
81,86,1
83,86,1
89,86,1
94,86,-1
96,86,1
1,87,1
9,87,1
10,87,-1
19,87,1
60,87,1
63,87,1
70,87,-1
75,87,-1
77,87,1
79,87,1
82,87,-1
84,87,-1
94,87,-1
96,87,1
6,88,1
7,88,1
13,88,1
40,88,1
42,88,1
62,88,1
37,89,-1
47,89,1
60,89,1
71,89,-1
74,89,1
81,89,1
83,89,1
86,89,1
94,89,-1
96,89,1
97,89,1
5,90,1
25,90,1
31,90,1
35,90,1
78,90,-1
12,91,1
18,91,1
27,91,1
45,91,-1
46,91,1
49,91,1
52,91,1
61,91,1
63,91,1
66,91,1
67,91,1
73,91,1
74,91,1
85,91,1
89,91,1
23,92,1
24,92,1
28,92,1
38,92,1
46,92,1
53,92,1
64,92,1
2,93,1
9,93,1
20,93,1
29,93,1
34,93,1
43,93,1
51,93,1
58,93,1
62,93,1
74,93,1
76,93,1
79,93,1
81,93,1
90,93,1
30,94,1
37,94,-1
47,94,1
60,94,1
83,94,1
89,94,1
96,94,1
11,95,1
12,95,1
14,95,1
16,95,1
36,95,1
40,95,1
46,95,1
47,95,1
50,95,-1
54,95,1
55,95,1
69,95,-1
84,95,-1
98,95,-1
37,96,-1
60,96,1
63,96,1
71,96,-1
87,96,1
89,96,1
94,96,-1
97,96,1
37,97,-1
47,97,1
49,97,1
60,97,1
63,97,1
70,97,-1
80,97,1
83,97,1
86,97,1
89,97,1
94,97,-1
96,97,1
4,98,1
11,98,1
16,98,1
35,98,1
36,98,1
50,98,-1
54,98,1
55,98,1
79,98,1
95,98,1
4,99,1
7,99,1
11,99,1
17,99,1
31,99,1
36,99,1
39,99,1
40,99,1
42,99,1
54,99,1
63,99,1
72,99,1
84,99,-1
88,99,1
98,99,-1
100,99,-1
9,100,1
10,100,-1
15,100,-1
19,100,1
25,100,1
33,100,1
35,100,1
57,100,1
65,100,1
69,100,-1
77,100,1
78,100,-1
79,100,1
82,100,-1
84,100,-1
87,100,1
94,100,-1
96,100,1
