2,1,1
16,1,1
20,1,1
34,1,1
36,1,1
56,1,1
59,1,-1
63,1,1
67,1,1
72,1,1
87,1,1
93,1,1
16,2,1
21,2,1
29,2,1
32,2,1
56,2,1
67,2,1
6,3,1
18,3,1
57,3,1
58,3,-1
61,3,1
75,3,-1
91,3,-1
5,4,-1
12,4,1
17,4,1
23,4,-1
24,4,1
33,4,1
37,4,1
42,4,-1
44,4,1
73,4,1
78,4,1
83,4,1
2,5,1
4,5,1
12,5,1
17,5,1
23,5,-1
24,5,1
44,5,1
64,5,1
70,5,1
73,5,1
78,5,1
80,5,1
82,5,1
83,5,1
3,6,1
18,6,1
19,6,1
57,6,1
58,6,-1
61,6,1
88,6,1
91,6,-1
2,7,1
15,7,1
16,7,1
21,7,1
29,7,1
36,7,1
53,7,1
59,7,-1
67,7,1
71,7,1
72,7,1
95,7,1
20,8,1
28,8,1
38,8,1
41,8,1
50,8,-1
60,8,1
69,8,1
74,8,1
77,8,1
80,8,1
86,8,1
98,8,1
13,9,1
14,9,1
46,9,1
79,9,1
84,9,1
3,10,1
18,10,1
19,10,1
20,10,1
38,10,1
51,10,1
57,10,1
58,10,-1
60,10,1
61,10,1
62,10,1
70,10,1
74,10,1
77,10,1
80,10,1
91,10,-1
92,10,1
98,10,1
8,11,-1
9,11,1
22,11,1
28,11,1
37,11,1
41,11,1
50,11,-1
52,11,1
55,11,1
68,11,1
75,11,-1
79,11,1
85,11,1
90,11,1
91,11,-1
100,11,1
4,12,1
5,12,-1
17,12,1
23,12,-1
24,12,1
25,12,1
33,12,1
42,12,-1
44,12,1
56,12,1
78,12,1
82,12,1
83,12,1
9,13,1
11,13,1
14,13,1
26,13,1
43,13,1
46,13,1
63,13,1
66,13,1
75,13,-1
76,13,1
79,13,1
84,13,1
87,13,1
89,13,1
90,13,1
9,14,1
13,14,1
43,14,1
46,14,1
62,14,1
66,14,1
76,14,1
79,14,1
84,14,1
90,14,1
1,15,1
2,15,1
7,15,1
16,15,1
21,15,1
29,15,1
32,15,1
53,15,1
59,15,-1
67,15,1
71,15,1
72,15,1
94,15,1
95,15,1
1,16,1
2,16,1
7,16,1
15,16,1
21,16,1
32,16,1
34,16,1
36,16,1
53,16,1
59,16,-1
71,16,1
72,16,1
93,16,1
94,16,1
95,16,1
4,17,1
5,17,-1
12,17,1
23,17,-1
24,17,1
28,17,1
33,17,1
36,17,1
42,17,-1
44,17,1
67,17,1
78,17,1
83,17,1
91,17,-1
3,18,1
6,18,1
10,18,1
19,18,1
28,18,1
57,18,1
58,18,-1
61,18,1
62,18,1
91,18,-1
92,18,1
3,19,1
6,19,1
18,19,1
25,19,1
27,19,1
30,19,1
48,19,-1
57,19,1
58,19,-1
61,19,1
64,19,1
88,19,1
91,19,-1
97,19,-1
99,19,-1
1,20,1
2,20,1
8,20,-1
18,20,1
38,20,1
51,20,1
60,20,1
69,20,1
70,20,1
74,20,1
77,20,1
80,20,1
85,20,1
86,20,1
98,20,1
2,21,1
7,21,1
29,21,1
32,21,1
34,21,1
67,21,1
71,21,1
72,21,1
95,21,1
8,22,-1
11,22,1
28,22,1
37,22,1
41,22,1
50,22,-1
52,22,1
55,22,1
57,22,1
60,22,1
68,22,1
85,22,1
4,23,1
5,23,-1
12,23,1
24,23,1
42,23,-1
44,23,1
73,23,1
82,23,1
83,23,1
5,24,-1
12,24,1
23,24,-1
42,24,-1
44,24,1
82,24,1
83,24,1
3,25,1
27,25,1
30,25,1
34,25,1
41,25,1
47,25,1
48,25,-1
49,25,1
64,25,1
65,25,1
78,25,1
88,25,1
40,26,1
43,26,1
46,26,1
63,26,1
66,26,1
76,26,1
79,26,1
87,26,1
89,26,1
3,27,1
30,27,1
31,27,1
39,27,1
45,27,1
47,27,1
48,27,-1
49,27,1
54,27,-1
88,27,1
96,27,1
97,27,-1
99,27,-1
11,28,1
41,28,1
52,28,1
90,28,1
100,28,1
2,29,1
7,29,1
16,29,1
32,29,1
33,29,1
34,29,1
56,29,1
67,29,1
71,29,1
72,29,1
81,29,1
93,29,1
95,29,1
3,30,1
25,30,1
27,30,1
39,30,1
45,30,1
47,30,1
48,30,-1
54,30,-1
58,30,-1
64,30,1
65,30,1
88,30,1
97,30,-1
25,31,1
30,31,1
39,31,1
45,31,1
48,31,-1
49,31,1
64,31,1
65,31,1
88,31,1
96,31,1
1,32,1
2,32,1
7,32,1
16,32,1
21,32,1
29,32,1
34,32,1
67,32,1
71,32,1
93,32,1
95,32,1
5,33,-1
11,33,1
12,33,1
17,33,1
23,33,-1
24,33,1
29,33,1
32,33,1
34,33,1
44,33,1
56,33,1
2,34,1
29,34,1
32,34,1
33,34,1
36,34,1
56,34,1
67,34,1
11,35,1
12,35,1
24,35,1
28,35,1
37,35,1
41,35,1
52,35,1
55,35,1
83,35,1
90,35,1
100,35,1
1,36,1
2,36,1
16,36,1
26,36,1
32,36,1
33,36,1
40,36,1
59,36,-1
63,36,1
76,36,1
81,36,1
87,36,1
89,36,1
93,36,1
5,37,-1
8,37,-1
11,37,1
12,37,1
17,37,1
22,37,1
23,37,-1
24,37,1
28,37,1
35,37,1
41,37,1
52,37,1
55,37,1
68,37,1
74,37,1
81,37,1
83,37,1
85,37,1
100,37,1
2,38,1
8,38,-1
12,38,1
20,38,1
28,38,1
51,38,1
60,38,1
69,38,1
70,38,1
74,38,1
77,38,1
80,38,1
81,38,1
86,38,1
92,38,1
98,38,1
25,39,1
27,39,1
30,39,1
45,39,1
47,39,1
48,39,-1
54,39,-1
88,39,1
96,39,1
99,39,-1
13,40,1
16,40,1
26,40,1
36,40,1
43,40,1
46,40,1
63,40,1
66,40,1
76,40,1
79,40,1
81,40,1
87,40,1
89,40,1
90,40,1
11,41,1
18,41,1
22,41,1
28,41,1
37,41,1
50,41,-1
52,41,1
55,41,1
60,41,1
68,41,1
85,41,1
100,41,1
5,42,-1
12,42,1
17,42,1
23,42,-1
24,42,1
37,42,1
44,42,1
73,42,1
81,42,1
82,42,1
83,42,1
9,43,1
13,43,1
14,43,1
26,43,1
46,43,1
66,43,1
76,43,1
79,43,1
84,43,1
90,43,1
4,44,1
5,44,-1
12,44,1
17,44,1
23,44,-1
24,44,1
33,44,1
42,44,-1
56,44,1
64,44,1
67,44,1
73,44,1
78,44,1
81,44,1
82,44,1
83,44,1
92,44,1
25,45,1
27,45,1
30,45,1
47,45,1
48,45,-1
49,45,1
64,45,1
88,45,1
13,46,1
26,46,1
40,46,1
63,46,1
66,46,1
76,46,1
79,46,1
84,46,1
87,46,1
27,47,1
30,47,1
31,47,1
39,47,1
45,47,1
48,47,-1
49,47,1
54,47,-1
88,47,1
96,47,1
3,48,1
25,48,1
27,48,1
30,48,1
31,48,1
39,48,1
45,48,1
46,48,1
47,48,1
49,48,1
64,48,1
65,48,1
81,48,1
88,48,1
92,48,1
96,48,1
99,48,-1
23,49,-1
30,49,1
31,49,1
47,49,1
48,49,-1
64,49,1
65,49,1
88,49,1
100,49,1
11,50,1
28,50,1
37,50,1
41,50,1
52,50,1
55,50,1
60,50,1
68,50,1
87,50,1
90,50,1
100,50,1
8,51,-1
10,51,1
18,51,1
20,51,1
57,51,1
60,51,1
61,51,1
74,51,1
77,51,1
80,51,1
86,51,1
91,51,-1
98,51,1
100,51,1
8,52,-1
11,52,1
13,52,1
18,52,1
22,52,1
28,52,1
35,52,1
41,52,1
50,52,-1
55,52,1
60,52,1
62,52,1
68,52,1
85,52,1
90,52,1
100,52,1
1,53,1
2,53,1
7,53,1
16,53,1
21,53,1
26,53,1
29,53,1
32,53,1
34,53,1
36,53,1
59,53,-1
67,53,1
71,53,1
72,53,1
93,53,1
94,53,1
95,53,1
27,54,1
30,54,1
39,54,1
47,54,1
48,54,-1
58,54,-1
88,54,1
97,54,-1
8,55,-1
11,55,1
22,55,1
28,55,1
35,55,1
41,55,1
50,55,-1
52,55,1
68,55,1
85,55,1
2,56,1
12,56,1
17,56,1
20,56,1
29,56,1
32,56,1
33,56,1
34,56,1
48,56,-1
67,56,1
81,56,1
92,56,1
3,57,1
6,57,1
18,57,1
19,57,1
58,57,-1
61,57,1
91,57,-1
3,58,1
6,58,1
10,58,1
18,58,1
19,58,1
27,58,1
30,58,1
47,58,1
57,58,1
61,58,1
75,58,-1
91,58,-1
92,58,1
99,58,-1
100,58,1
1,59,1
2,59,1
15,59,1
16,59,1
32,59,1
36,59,1
53,59,1
63,59,1
72,59,1
87,59,1
93,59,1
94,59,1
95,59,1
8,60,-1
10,60,1
20,60,1
38,60,1
74,60,1
77,60,1
80,60,1
86,60,1
98,60,1
3,61,1
6,61,1
9,61,1
10,61,1
14,61,1
18,61,1
19,61,1
57,61,1
58,61,-1
62,61,1
74,61,1
75,61,-1
79,61,1
84,61,1
91,61,-1
99,61,-1
3,62,1
9,62,1
13,62,1
14,62,1
58,62,-1
61,62,1
79,62,1
84,62,1
8,63,-1
26,63,1
36,63,1
40,63,1
46,63,1
66,63,1
76,63,1
81,63,1
87,63,1
89,63,1
90,63,1
4,64,1
5,64,-1
25,64,1
27,64,1
30,64,1
31,64,1
45,64,1
48,64,-1
49,64,1
65,64,1
81,64,1
88,64,1
5,65,-1
25,65,1
30,65,1
31,65,1
39,65,1
48,65,-1
49,65,1
64,65,1
88,65,1
96,65,1
9,66,1
11,66,1
13,66,1
14,66,1
26,66,1
40,66,1
43,66,1
46,66,1
63,66,1
75,66,-1
76,66,1
79,66,1
81,66,1
84,66,1
87,66,1
89,66,1
90,66,1
16,67,1
21,67,1
29,67,1
32,67,1
33,67,1
56,67,1
71,67,1
8,68,-1
11,68,1
22,68,1
28,68,1
35,68,1
37,68,1
41,68,1
52,68,1
55,68,1
85,68,1
100,68,1
5,69,-1
8,69,-1
10,69,1
18,69,1
20,69,1
28,69,1
38,69,1
51,69,1
60,69,1
74,69,1
77,69,1
80,69,1
86,69,1
98,69,1
1,70,1
2,70,1
18,70,1
20,70,1
51,70,1
60,70,1
74,70,1
80,70,1
92,70,1
100,70,1
1,71,1
2,71,1
7,71,1
15,71,1
16,71,1
21,71,1
29,71,1
32,71,1
34,71,1
53,71,1
56,71,1
67,71,1
72,71,1
93,71,1
95,71,1
2,72,1
7,72,1
15,72,1
16,72,1
21,72,1
29,72,1
32,72,1
33,72,1
34,72,1
36,72,1
53,72,1
67,72,1
93,72,1
94,72,1
95,72,1
12,73,1
23,73,-1
24,73,1
42,73,-1
44,73,1
82,73,1
83,73,1
8,74,-1
18,74,1
20,74,1
38,74,1
51,74,1
60,74,1
69,74,1
70,74,1
77,74,1
80,74,1
86,74,1
98,74,1
6,75,1
9,75,1
11,75,1
13,75,1
14,75,1
18,75,1
28,75,1
30,75,1
41,75,1
43,75,1
46,75,1
52,75,1
57,75,1
58,75,-1
61,75,1
62,75,1
84,75,1
90,75,1
91,75,-1
100,75,1
9,76,1
13,76,1
26,76,1
40,76,1
43,76,1
46,76,1
62,76,1
63,76,1
66,76,1
79,76,1
81,76,1
84,76,1
87,76,1
89,76,1
90,76,1
20,77,1
38,77,1
51,77,1
60,77,1
69,77,1
70,77,1
74,77,1
80,77,1
86,77,1
98,77,1
4,78,1
5,78,-1
12,78,1
17,78,1
23,78,-1
24,78,1
37,78,1
42,78,-1
44,78,1
64,78,1
83,78,1
87,78,1
9,79,1
13,79,1
14,79,1
26,79,1
43,79,1
46,79,1
62,79,1
66,79,1
75,79,-1
76,79,1
84,79,1
20,80,1
38,80,1
51,80,1
60,80,1
69,80,1
74,80,1
77,80,1
86,80,1
98,80,1
12,81,1
13,81,1
17,81,1
23,81,-1
26,81,1
33,81,1
36,81,1
40,81,1
46,81,1
63,81,1
64,81,1
76,81,1
87,81,1
89,81,1
4,82,1
5,82,-1
12,82,1
17,82,1
23,82,-1
24,82,1
40,82,1
42,82,-1
44,82,1
73,82,1
78,82,1
81,82,1
83,82,1
4,83,1
5,83,-1
12,83,1
17,83,1
23,83,-1
24,83,1
33,83,1
37,83,1
42,83,-1
44,83,1
55,83,1
73,83,1
78,83,1
81,83,1
82,83,1
100,83,1
9,84,1
13,84,1
14,84,1
43,84,1
62,84,1
75,84,-1
79,84,1
8,85,-1
11,85,1
18,85,1
20,85,1
22,85,1
24,85,1
28,85,1
35,85,1
37,85,1
41,85,1
50,85,-1
52,85,1
55,85,1
60,85,1
68,85,1
70,85,1
74,85,1
75,85,-1
80,85,1
87,85,1
100,85,1
20,86,1
38,86,1
60,86,1
69,86,1
74,86,1
77,86,1
80,86,1
98,86,1
13,87,1
26,87,1
40,87,1
43,87,1
46,87,1
63,87,1
66,87,1
79,87,1
89,87,1
90,87,1
5,88,-1
25,88,1
27,88,1
30,88,1
31,88,1
39,88,1
47,88,1
48,88,-1
49,88,1
54,88,-1
58,88,-1
64,88,1
65,88,1
96,88,1
97,88,-1
99,88,-1
100,88,1
1,89,1
26,89,1
36,89,1
40,89,1
46,89,1
63,89,1
81,89,1
87,89,1
90,89,1
11,90,1
13,90,1
26,90,1
46,90,1
63,90,1
79,90,1
100,90,1
3,91,1
6,91,1
9,91,1
10,91,1
18,91,1
19,91,1
47,91,1
48,91,-1
57,91,1
58,91,-1
61,91,1
62,91,1
75,91,-1
79,91,1
84,91,1
99,91,-1
2,92,1
3,92,1
5,92,-1
10,92,1
12,92,1
17,92,1
18,92,1
23,92,-1
33,92,1
48,92,-1
57,92,1
58,92,-1
61,92,1
67,92,1
74,92,1
81,92,1
91,92,-1
99,92,-1
1,93,1
2,93,1
16,93,1
34,93,1
53,93,1
94,93,1
95,93,1
1,94,1
2,94,1
7,94,1
16,94,1
36,94,1
53,94,1
59,94,-1
95,94,1
1,95,1
2,95,1
7,95,1
15,95,1
16,95,1
21,95,1
29,95,1
32,95,1
33,95,1
34,95,1
36,95,1
53,95,1
56,95,1
59,95,-1
64,95,1
67,95,1
71,95,1
72,95,1
93,95,1
94,95,1
25,96,1
27,96,1
30,96,1
31,96,1
39,96,1
45,96,1
47,96,1
48,96,-1
49,96,1
54,96,-1
64,96,1
65,96,1
88,96,1
3,97,1
6,97,1
18,97,1
19,97,1
25,97,1
27,97,1
30,97,1
45,97,1
47,97,1
48,97,-1
49,97,1
54,97,-1
57,97,1
58,97,-1
61,97,1
64,97,1
65,97,1
88,97,1
91,97,-1
99,97,-1
8,98,-1
20,98,1
38,98,1
60,98,1
69,98,1
74,98,1
77,98,1
80,98,1
86,98,1
3,99,1
5,99,-1
6,99,1
18,99,1
25,99,1
27,99,1
30,99,1
47,99,1
48,99,-1
49,99,1
54,99,-1
57,99,1
58,99,-1
64,99,1
65,99,1
70,99,1
74,99,1
88,99,1
97,99,-1
11,100,1
18,100,1
28,100,1
35,100,1
41,100,1
55,100,1
81,100,1
85,100,1
