3,1,1
9,1,1
18,1,1
23,1,-1
25,1,1
36,1,1
40,1,1
49,1,1
57,1,1
63,1,1
86,1,1
1,2,1
17,2,1
32,2,1
39,2,1
45,2,-1
67,2,1
97,2,1
1,3,1
14,3,1
18,3,1
19,3,1
20,3,1
32,3,1
63,3,1
74,3,1
89,3,1
8,4,1
10,4,1
11,4,1
27,4,-1
33,4,1
40,4,1
41,4,1
42,4,1
47,4,-1
62,4,1
66,4,-1
87,4,1
93,4,1
99,4,1
7,5,1
16,5,1
21,5,1
25,5,1
41,5,1
46,5,1
69,5,1
75,5,1
79,5,1
14,6,1
31,6,1
42,6,1
48,6,1
56,6,1
57,6,1
65,6,1
85,6,1
86,6,1
88,6,1
1,7,1
40,7,1
44,7,1
46,7,1
50,7,1
63,7,1
77,7,1
88,7,1
89,7,1
96,7,1
4,8,-1
7,8,1
12,8,1
41,8,1
63,8,1
69,8,1
73,8,-1
79,8,1
88,8,1
2,9,1
8,9,1
22,9,1
25,9,1
33,9,1
59,9,-1
72,9,1
83,9,-1
86,9,1
15,10,1
28,10,1
29,10,1
35,10,1
41,10,1
44,10,1
66,10,-1
70,10,1
71,10,1
75,10,1
87,10,1
96,10,1
99,10,1
13,11,-1
26,11,1
33,11,1
37,11,1
45,11,-1
54,11,-1
65,11,1
72,11,1
73,11,-1
76,11,1
84,11,-1
87,11,1
91,11,1
100,11,1
51,12,1
79,12,1
97,12,1
100,12,1
6,13,-1
14,13,1
25,13,1
36,13,1
39,13,1
40,13,1
49,13,1
50,13,1
55,13,-1
65,13,1
80,13,1
85,13,1
88,13,1
15,14,1
21,14,1
22,14,1
26,14,1
49,14,1
60,14,-1
61,14,1
64,14,1
24,15,1
26,15,1
27,15,-1
29,15,1
35,15,1
62,15,1
77,15,1
81,15,1
89,15,1
5,16,1
7,16,1
20,16,1
25,16,1
50,16,1
60,16,-1
62,16,1
94,16,1
97,16,1
98,16,1
2,17,1
21,17,1
33,17,1
37,17,1
39,17,1
45,17,-1
51,17,1
52,17,1
61,17,1
63,17,1
73,17,-1
80,17,1
1,18,1
2,18,1
12,18,1
17,18,1
25,18,1
30,18,1
40,18,1
51,18,1
57,18,1
60,18,-1
73,18,-1
82,18,1
86,18,1
89,18,1
93,18,1
100,18,1
3,19,1
8,19,1
17,19,1
20,19,1
21,19,1
32,19,1
35,19,1
51,19,1
52,19,1
53,19,1
60,19,-1
72,19,1
84,19,-1
87,19,1
89,19,1
91,19,1
1,20,1
7,20,1
8,20,1
26,20,1
50,20,1
53,20,1
54,20,-1
71,20,1
77,20,1
80,20,1
91,20,1
14,21,1
16,21,1
26,21,1
29,21,1
35,21,1
45,21,-1
50,21,1
55,21,-1
60,21,-1
62,21,1
64,21,1
78,21,-1
80,21,1
81,21,1
99,21,1
6,22,-1
10,22,1
11,22,1
13,22,-1
25,22,1
30,22,1
41,22,1
42,22,1
44,22,1
47,22,-1
56,22,1
66,22,-1
74,22,1
84,22,-1
12,23,1
21,23,1
37,23,1
38,23,1
48,23,1
53,23,1
54,23,-1
57,23,1
63,23,1
65,23,1
71,23,1
75,23,1
80,23,1
95,23,1
1,24,1
8,24,1
18,24,1
23,24,-1
25,24,1
30,24,1
38,24,1
49,24,1
51,24,1
78,24,-1
82,24,1
85,24,1
86,24,1
14,25,1
16,25,1
22,25,1
30,25,1
40,25,1
49,25,1
56,25,1
61,25,1
62,25,1
68,25,1
84,25,-1
99,25,1
11,26,1
13,26,-1
15,26,1
29,26,1
65,26,1
66,26,-1
69,26,1
76,26,1
81,26,1
85,26,1
91,26,1
95,26,1
99,26,1
15,27,1
42,27,1
48,27,1
69,27,1
81,27,1
85,27,1
100,27,1
4,28,-1
15,28,1
34,28,1
38,28,1
39,28,1
40,28,1
42,28,1
43,28,1
60,28,-1
62,28,1
75,28,1
79,28,1
94,28,1
11,29,1
13,29,-1
21,29,1
35,29,1
55,29,-1
65,29,1
70,29,1
72,29,1
73,29,-1
80,29,1
87,29,1
90,29,-1
91,29,1
99,29,1
10,30,1
13,30,-1
16,30,1
21,30,1
23,30,-1
31,30,1
40,30,1
46,30,1
55,30,-1
63,30,1
66,30,-1
70,30,1
73,30,-1
82,30,1
86,30,1
97,30,1
11,31,1
22,31,1
29,31,1
34,31,1
39,31,1
41,31,1
56,31,1
65,31,1
66,31,-1
68,31,1
74,31,1
92,31,1
96,31,1
1,32,1
3,32,1
8,32,1
15,32,1
17,32,1
21,32,1
24,32,1
27,32,-1
46,32,1
47,32,-1
60,32,-1
67,32,1
69,32,1
81,32,1
89,32,1
91,32,1
93,32,1
95,32,1
4,33,-1
8,33,1
11,33,1
37,33,1
43,33,1
44,33,1
45,33,-1
55,33,-1
63,33,1
72,33,1
73,33,-1
79,33,1
86,33,1
92,33,1
97,33,1
98,33,1
6,34,-1
11,34,1
13,34,-1
29,34,1
31,34,1
36,34,1
53,34,1
58,34,1
63,34,1
65,34,1
74,34,1
77,34,1
78,34,-1
88,34,1
94,34,1
5,35,1
20,35,1
21,35,1
26,35,1
31,35,1
43,35,1
48,35,1
56,35,1
59,35,-1
67,35,1
70,35,1
71,35,1
75,35,1
76,35,1
77,35,1
81,35,1
95,35,1
7,36,1
28,36,1
53,36,1
54,36,-1
64,36,1
74,36,1
88,36,1
17,37,1
19,37,1
23,37,-1
31,37,1
33,37,1
44,37,1
45,37,-1
54,37,-1
55,37,-1
77,37,1
80,37,1
87,37,1
92,37,1
95,37,1
2,38,1
10,38,1
11,38,1
15,38,1
17,38,1
23,38,-1
24,38,1
29,38,1
37,38,1
39,38,1
51,38,1
55,38,-1
56,38,1
68,38,1
71,38,1
73,38,-1
78,38,-1
81,38,1
84,38,-1
92,38,1
95,38,1
2,39,1
11,39,1
29,39,1
32,39,1
34,39,1
52,39,1
55,39,-1
61,39,1
65,39,1
70,39,1
78,39,-1
79,39,1
87,39,1
93,39,1
1,40,1
7,40,1
8,40,1
12,40,1
24,40,1
27,40,-1
30,40,1
36,40,1
43,40,1
49,40,1
62,40,1
63,40,1
76,40,1
85,40,1
88,40,1
99,40,1
1,41,1
26,41,1
34,41,1
35,41,1
37,41,1
40,41,1
42,41,1
66,41,-1
68,41,1
71,41,1
2,42,1
4,42,-1
8,42,1
9,42,1
10,42,1
20,42,1
24,42,1
31,42,1
33,42,1
47,42,-1
61,42,1
68,42,1
70,42,1
77,42,1
83,42,-1
86,42,1
93,42,1
96,42,1
98,42,1
100,42,1
5,43,1
12,43,1
15,43,1
28,43,1
47,43,-1
62,43,1
68,43,1
72,43,1
75,43,1
84,43,-1
86,43,1
88,43,1
96,43,1
2,44,1
9,44,1
30,44,1
35,44,1
50,44,1
56,44,1
90,44,-1
97,44,1
98,44,1
2,45,1
8,45,1
17,45,1
33,45,1
35,45,1
37,45,1
38,45,1
39,45,1
72,45,1
83,45,-1
84,45,-1
89,45,1
93,45,1
12,46,1
21,46,1
31,46,1
43,46,1
47,46,-1
58,46,1
67,46,1
98,46,1
99,46,1
12,47,1
21,47,1
33,47,1
35,47,1
44,47,1
73,47,-1
78,47,-1
79,47,1
83,47,-1
84,47,-1
90,47,-1
94,47,1
95,47,1
13,48,-1
15,48,1
18,48,1
20,48,1
24,48,1
34,48,1
36,48,1
41,48,1
50,48,1
53,48,1
54,48,-1
55,48,-1
57,48,1
60,48,-1
71,48,1
78,48,-1
88,48,1
1,49,1
3,49,1
17,49,1
25,49,1
27,49,-1
28,49,1
48,49,1
52,49,1
56,49,1
57,49,1
81,49,1
89,49,1
98,49,1
99,49,1
5,50,1
8,50,1
9,50,1
14,50,1
16,50,1
25,50,1
26,50,1
35,50,1
64,50,1
79,50,1
91,50,1
98,50,1
1,51,1
3,51,1
9,51,1
12,51,1
18,51,1
23,51,-1
24,51,1
25,51,1
32,51,1
45,51,-1
49,51,1
55,51,-1
59,51,-1
73,51,-1
86,51,1
1,52,1
7,52,1
17,52,1
21,52,1
31,52,1
49,52,1
56,52,1
58,52,1
63,52,1
66,52,-1
74,52,1
80,52,1
92,52,1
97,52,1
98,52,1
13,53,-1
23,53,-1
54,53,-1
57,53,1
58,53,1
63,53,1
65,53,1
74,53,1
87,53,1
91,53,1
94,53,1
9,54,1
23,54,-1
26,54,1
45,54,-1
53,54,1
57,54,1
58,54,1
59,54,-1
71,54,1
80,54,1
11,55,1
26,55,1
36,55,1
45,55,-1
1,56,1
17,56,1
26,56,1
41,56,1
47,56,-1
49,56,1
59,56,-1
75,56,1
84,56,-1
1,57,1
3,57,1
19,57,1
28,57,1
34,57,1
36,57,1
49,57,1
51,57,1
53,57,1
63,57,1
65,57,1
9,58,1
23,58,-1
31,58,1
51,58,1
54,58,-1
59,58,-1
61,58,1
66,58,-1
86,58,1
98,58,1
1,59,1
9,59,1
17,59,1
23,59,-1
24,59,1
32,59,1
33,59,1
61,59,1
67,59,1
76,59,1
84,59,-1
86,59,1
5,60,1
6,60,-1
35,60,1
70,60,1
72,60,1
83,60,-1
92,60,1
93,60,1
2,61,1
8,61,1
35,61,1
36,61,1
62,61,1
67,61,1
79,61,1
80,61,1
96,61,1
25,62,1
28,62,1
40,62,1
43,62,1
67,62,1
74,62,1
83,62,-1
84,62,-1
87,62,1
1,63,1
4,63,-1
12,63,1
16,63,1
18,63,1
36,63,1
40,63,1
46,63,1
53,63,1
54,63,-1
59,63,-1
79,63,1
80,63,1
82,63,1
87,63,1
92,63,1
96,63,1
97,63,1
99,63,1
100,63,1
5,64,1
7,64,1
16,64,1
18,64,1
30,64,1
52,64,1
62,64,1
63,64,1
70,64,1
73,64,-1
93,64,1
3,65,1
6,65,-1
13,65,-1
14,65,1
31,65,1
34,65,1
38,65,1
39,65,1
41,65,1
48,65,1
68,65,1
78,65,-1
6,66,-1
10,66,1
26,66,1
28,66,1
41,66,1
42,66,1
54,66,-1
75,66,1
82,66,1
86,66,1
87,66,1
88,66,1
91,66,1
94,66,1
28,67,1
35,67,1
47,67,-1
60,67,-1
61,67,1
70,67,1
76,67,1
84,67,-1
95,67,1
5,68,1
6,68,-1
22,68,1
23,68,-1
34,68,1
39,68,1
50,68,1
52,68,1
56,68,1
69,68,1
92,68,1
95,68,1
97,68,1
98,68,1
5,69,1
7,69,1
15,69,1
32,69,1
42,69,1
68,69,1
77,69,1
79,69,1
81,69,1
93,69,1
95,69,1
2,70,1
16,70,1
26,70,1
32,70,1
67,70,1
77,70,1
92,70,1
93,70,1
95,70,1
15,71,1
34,71,1
37,71,1
38,71,1
41,71,1
42,71,1
48,71,1
54,71,-1
61,71,1
65,71,1
69,71,1
77,71,1
99,71,1
3,72,1
16,72,1
21,72,1
32,72,1
35,72,1
43,72,1
46,72,1
47,72,-1
50,72,1
79,72,1
91,72,1
94,72,1
1,73,1
12,73,1
24,73,1
27,73,-1
30,73,1
45,73,-1
51,73,1
55,73,-1
56,73,1
97,73,1
4,74,-1
6,74,-1
10,74,1
11,74,1
13,74,-1
22,74,1
34,74,1
37,74,1
39,74,1
56,74,1
58,74,1
72,74,1
84,74,-1
87,74,1
6,75,-1
24,75,1
28,75,1
41,75,1
64,75,1
66,75,-1
70,75,1
79,75,1
90,75,-1
2,76,1
4,76,-1
5,76,1
15,76,1
28,76,1
36,76,1
62,76,1
67,76,1
70,76,1
77,76,1
88,76,1
90,76,-1
95,76,1
99,76,1
100,76,1
2,77,1
10,77,1
36,77,1
44,77,1
52,77,1
67,77,1
79,77,1
89,77,1
97,77,1
11,78,1
13,78,-1
29,78,1
31,78,1
34,78,1
41,78,1
48,78,1
55,78,-1
84,78,-1
88,78,1
94,78,1
4,79,-1
7,79,1
8,79,1
12,79,1
16,79,1
20,79,1
21,79,1
41,79,1
43,79,1
50,79,1
51,79,1
68,79,1
73,79,-1
87,79,1
92,79,1
94,79,1
96,79,1
98,79,1
99,79,1
8,80,1
36,80,1
40,80,1
41,80,1
48,80,1
52,80,1
53,80,1
54,80,-1
58,80,1
71,80,1
77,80,1
78,80,-1
15,81,1
17,81,1
21,81,1
25,81,1
27,81,-1
32,81,1
45,81,-1
56,81,1
75,81,1
95,81,1
99,81,1
3,82,1
14,82,1
19,82,1
30,82,1
31,82,1
57,82,1
64,82,1
72,82,1
73,82,-1
89,82,1
90,82,-1
94,82,1
96,82,1
28,83,1
33,83,1
43,83,1
45,83,-1
58,83,1
59,83,-1
61,83,1
71,83,1
95,83,1
96,83,1
2,84,1
4,84,-1
9,84,1
10,84,1
13,84,-1
30,84,1
35,84,1
44,84,1
47,84,-1
54,84,-1
62,84,1
67,84,1
74,84,1
76,84,1
86,84,1
87,84,1
90,84,-1
14,85,1
15,85,1
24,85,1
27,85,-1
32,85,1
37,85,1
49,85,1
62,85,1
74,85,1
81,85,1
84,85,-1
87,85,1
95,85,1
100,85,1
6,86,-1
9,86,1
11,86,1
48,86,1
61,86,1
66,86,-1
67,86,1
73,86,-1
75,86,1
77,86,1
83,86,-1
4,87,-1
13,87,-1
15,87,1
21,87,1
26,87,1
29,87,1
33,87,1
45,87,-1
55,87,-1
57,87,1
72,87,1
91,87,1
1,88,1
13,88,-1
20,88,1
22,88,1
36,88,1
41,88,1
42,88,1
50,88,1
52,88,1
53,88,1
54,88,-1
57,88,1
65,88,1
68,88,1
69,88,1
77,88,1
80,88,1
84,88,-1
2,89,1
8,89,1
14,89,1
21,89,1
24,89,1
27,89,-1
40,89,1
46,89,1
47,89,-1
57,89,1
61,89,1
67,89,1
69,89,1
70,89,1
81,89,1
85,89,1
88,89,1
90,89,-1
94,89,1
95,89,1
4,90,-1
10,90,1
11,90,1
19,90,1
66,90,-1
70,90,1
87,90,1
94,90,1
3,91,1
5,91,1
6,91,-1
10,91,1
16,91,1
23,91,-1
26,91,1
54,91,-1
57,91,1
58,91,1
64,91,1
72,91,1
73,91,-1
75,91,1
79,91,1
90,91,-1
93,91,1
94,91,1
1,92,1
2,92,1
7,92,1
12,92,1
21,92,1
28,92,1
39,92,1
52,92,1
60,92,-1
61,92,1
66,92,-1
67,92,1
68,92,1
76,92,1
79,92,1
87,92,1
93,92,1
97,92,1
1,93,1
2,93,1
3,93,1
5,93,1
6,93,-1
7,93,1
16,93,1
32,93,1
56,93,1
60,93,-1
72,93,1
79,93,1
4,94,-1
11,94,1
31,94,1
41,94,1
42,94,1
47,94,-1
65,94,1
67,94,1
82,94,1
90,94,-1
92,94,1
15,95,1
26,95,1
32,95,1
54,95,-1
55,95,-1
60,95,-1
61,95,1
69,95,1
71,95,1
77,95,1
87,95,1
93,95,1
28,96,1
41,96,1
42,96,1
52,96,1
61,96,1
66,96,-1
68,96,1
71,96,1
92,96,1
94,96,1
21,97,1
42,97,1
46,97,1
55,97,-1
66,97,-1
79,97,1
91,97,1
98,97,1
12,98,1
17,98,1
19,98,1
30,98,1
31,98,1
37,98,1
51,98,1
92,98,1
15,99,1
27,99,-1
30,99,1
38,99,1
45,99,-1
49,99,1
55,99,-1
56,99,1
57,99,1
69,99,1
73,99,-1
81,99,1
87,99,1
1,100,1
4,100,-1
8,100,1
9,100,1
12,100,1
18,100,1
27,100,-1
33,100,1
40,100,1
48,100,1
51,100,1
73,100,-1
86,100,1
89,100,1
97,100,1
99,100,1
