15,1,1
38,1,-1
40,1,1
43,1,1
48,1,1
54,1,1
60,1,1
65,1,1
69,1,1
73,1,-1
78,1,1
91,1,1
16,2,1
19,2,1
22,2,-1
30,2,1
40,2,1
47,2,1
50,2,1
58,2,1
63,2,1
81,2,1
83,2,1
6,3,1
16,3,1
19,3,1
29,3,-1
44,3,1
65,3,1
78,3,1
80,3,1
83,3,1
87,3,1
99,3,1
8,4,1
10,4,-1
12,4,1
17,4,-1
20,4,-1
23,4,1
28,4,1
38,4,-1
43,4,1
55,4,1
66,4,1
71,4,1
83,4,1
96,4,-1
6,5,1
20,5,-1
27,5,1
32,5,1
36,5,1
49,5,1
63,5,1
77,5,1
79,5,1
84,5,1
2,6,-1
17,6,-1
20,6,-1
21,6,1
30,6,1
35,6,1
41,6,1
50,6,1
56,6,-1
65,6,1
71,6,1
72,6,1
73,6,-1
78,6,1
80,6,1
94,6,1
100,6,-1
9,7,1
15,7,1
21,7,1
23,7,1
24,7,1
25,7,-1
34,7,1
41,7,1
42,7,1
61,7,-1
100,7,-1
11,8,1
15,8,1
17,8,-1
21,8,1
44,8,1
51,8,1
52,8,1
56,8,-1
58,8,1
64,8,-1
66,8,1
86,8,1
94,8,1
97,8,-1
99,8,1
19,9,1
22,9,-1
32,9,1
39,9,1
51,9,1
55,9,1
61,9,-1
70,9,-1
80,9,1
87,9,1
90,9,-1
95,9,1
2,10,-1
23,10,1
31,10,1
43,10,1
50,10,1
93,10,-1
1,11,1
9,11,1
10,11,-1
17,11,-1
21,11,1
22,11,-1
40,11,1
48,11,1
56,11,-1
60,11,1
66,11,1
71,11,1
89,11,1
91,11,1
92,11,1
94,11,1
6,12,1
19,12,1
22,12,-1
36,12,1
38,12,-1
41,12,1
48,12,1
51,12,1
53,12,-1
57,12,1
70,12,-1
73,12,-1
76,12,1
82,12,1
26,13,1
32,13,1
36,13,1
41,13,1
52,13,1
55,13,1
78,13,1
79,13,1
82,13,1
99,13,1
4,14,1
15,14,1
17,14,-1
18,14,1
25,14,-1
44,14,1
47,14,1
63,14,1
75,14,1
79,14,1
85,14,1
91,14,1
97,14,-1
100,14,-1
5,15,1
8,15,1
29,15,-1
37,15,-1
48,15,1
51,15,1
64,15,-1
65,15,1
98,15,1
99,15,1
11,16,1
15,16,1
17,16,-1
18,16,1
25,16,-1
30,16,1
39,16,1
51,16,1
59,16,1
63,16,1
70,16,-1
73,16,-1
75,16,1
1,17,1
25,17,-1
27,17,1
35,17,1
50,17,1
63,17,1
78,17,1
96,17,-1
97,17,-1
1,18,1
5,18,1
9,18,1
11,18,1
22,18,-1
47,18,1
52,18,1
53,18,-1
66,18,1
82,18,1
85,18,1
89,18,1
90,18,-1
13,19,1
25,19,-1
28,19,1
33,19,1
37,19,-1
41,19,1
46,19,-1
60,19,1
73,19,-1
75,19,1
77,19,1
91,19,1
93,19,-1
13,20,1
14,20,1
16,20,1
27,20,1
28,20,1
29,20,-1
34,20,1
44,20,1
50,20,1
56,20,-1
66,20,1
77,20,1
89,20,1
95,20,1
2,21,-1
3,21,1
4,21,1
18,21,1
19,21,1
24,21,1
27,21,1
28,21,1
49,21,1
73,21,-1
74,21,-1
86,21,1
95,21,1
10,22,-1
14,22,1
24,22,1
34,22,1
38,22,-1
39,22,1
40,22,1
45,22,1
49,22,1
50,22,1
52,22,1
63,22,1
70,22,-1
75,22,1
76,22,1
80,22,1
84,22,1
87,22,1
94,22,1
6,23,1
25,23,-1
36,23,1
70,23,-1
77,23,1
83,23,1
86,23,1
90,23,-1
6,24,1
7,24,1
8,24,1
15,24,1
16,24,1
18,24,1
19,24,1
27,24,1
30,24,1
34,24,1
38,24,-1
45,24,1
47,24,1
55,24,1
59,24,1
68,24,1
80,24,1
100,24,-1
4,25,1
18,25,1
20,25,-1
47,25,1
66,25,1
67,25,1
72,25,1
80,25,1
93,25,-1
96,25,-1
2,26,-1
3,26,1
5,26,1
23,26,1
25,26,-1
33,26,1
35,26,1
52,26,1
54,26,1
63,26,1
67,26,1
68,26,1
80,26,1
81,26,1
92,26,1
97,26,-1
2,27,-1
5,27,1
16,27,1
31,27,1
33,27,1
36,27,1
41,27,1
48,27,1
55,27,1
56,27,-1
72,27,1
77,27,1
80,27,1
1,28,1
17,28,-1
18,28,1
38,28,-1
46,28,-1
47,28,1
51,28,1
79,28,1
87,28,1
88,28,1
97,28,-1
5,29,1
7,29,1
20,29,-1
33,29,1
43,29,1
46,29,-1
74,29,-1
81,29,1
87,29,1
93,29,-1
99,29,1
9,30,1
29,30,-1
33,30,1
34,30,1
66,30,1
82,30,1
88,30,1
90,30,-1
92,30,1
95,30,1
100,30,-1
3,31,1
6,31,1
10,31,-1
21,31,1
24,31,1
36,31,1
43,31,1
60,31,1
65,31,1
68,31,1
91,31,1
98,31,1
5,32,1
11,32,1
12,32,1
31,32,1
37,32,-1
39,32,1
81,32,1
85,32,1
96,32,-1
1,33,1
25,33,-1
29,33,-1
31,33,1
44,33,1
71,33,1
72,33,1
79,33,1
88,33,1
89,33,1
93,33,-1
98,33,1
9,34,1
21,34,1
24,34,1
49,34,1
60,34,1
73,34,-1
77,34,1
86,34,1
97,34,-1
6,35,1
9,35,1
26,35,1
31,35,1
34,35,1
36,35,1
62,35,1
2,36,-1
7,36,1
9,36,1
21,36,1
22,36,-1
25,36,-1
27,36,1
38,36,-1
43,36,1
47,36,1
61,36,-1
86,36,1
9,37,1
31,37,1
34,37,1
35,37,1
77,37,1
87,37,1
88,37,1
11,38,1
14,38,1
17,38,-1
18,38,1
42,38,1
48,38,1
59,38,1
60,38,1
71,38,1
72,38,1
79,38,1
92,38,1
99,38,1
11,39,1
17,39,-1
30,39,1
34,39,1
44,39,1
51,39,1
52,39,1
53,39,-1
64,39,-1
69,39,1
72,39,1
80,39,1
5,40,1
6,40,1
34,40,1
35,40,1
42,40,1
44,40,1
57,40,1
79,40,1
83,40,1
84,40,1
98,40,1
9,41,1
14,41,1
24,41,1
32,41,1
35,41,1
46,41,-1
47,41,1
62,41,1
67,41,1
85,41,1
92,41,1
93,41,-1
95,41,1
7,42,1
12,42,1
14,42,1
17,42,-1
19,42,1
26,42,1
33,42,1
37,42,-1
40,42,1
48,42,1
50,42,1
58,42,1
76,42,1
86,42,1
92,42,1
97,42,-1
6,43,1
7,43,1
19,43,1
29,43,-1
30,43,1
36,43,1
39,43,1
40,43,1
42,43,1
72,43,1
81,43,1
85,43,1
87,43,1
90,43,-1
91,43,1
96,43,-1
14,44,1
20,44,-1
27,44,1
31,44,1
45,44,1
57,44,1
61,44,-1
65,44,1
89,44,1
95,44,1
3,45,1
13,45,1
19,45,1
21,45,1
25,45,-1
30,45,1
31,45,1
40,45,1
47,45,1
51,45,1
60,45,1
68,45,1
98,45,1
99,45,1
15,46,1
21,46,1
24,46,1
52,46,1
54,46,1
67,46,1
74,46,-1
95,46,1
8,47,1
20,47,-1
21,47,1
23,47,1
32,47,1
40,47,1
49,47,1
55,47,1
79,47,1
92,47,1
99,47,1
16,48,1
30,48,1
44,48,1
51,48,1
67,48,1
87,48,1
88,48,1
4,49,1
5,49,1
10,49,-1
20,49,-1
21,49,1
34,49,1
43,49,1
50,49,1
61,49,-1
72,49,1
80,49,1
88,49,1
9,50,1
18,50,1
31,50,1
52,50,1
58,50,1
60,50,1
65,50,1
92,50,1
10,51,-1
14,51,1
26,51,1
54,51,1
55,51,1
63,51,1
79,51,1
88,51,1
94,51,1
95,51,1
97,51,-1
100,51,-1
2,52,-1
3,52,1
8,52,1
9,52,1
10,52,-1
27,52,1
42,52,1
43,52,1
55,52,1
59,52,1
64,52,-1
67,52,1
87,52,1
90,52,-1
99,52,1
100,52,-1
5,53,1
13,53,1
16,53,1
18,53,1
28,53,1
31,53,1
37,53,-1
39,53,1
52,53,1
60,53,1
71,53,1
73,53,-1
79,53,1
80,53,1
85,53,1
89,53,1
93,53,-1
97,53,-1
14,54,1
35,54,1
55,54,1
61,54,-1
84,54,1
91,54,1
97,54,-1
12,55,1
15,55,1
17,55,-1
22,55,-1
29,55,-1
34,55,1
71,55,1
77,55,1
80,55,1
94,55,1
1,56,1
4,56,1
10,56,-1
11,56,1
29,56,-1
30,56,1
40,56,1
42,56,1
50,56,1
53,56,-1
54,56,1
59,56,1
75,56,1
78,56,1
82,56,1
91,56,1
99,56,1
7,57,1
16,57,1
41,57,1
51,57,1
62,57,1
66,57,1
80,57,1
88,57,1
91,57,1
95,57,1
3,58,1
9,58,1
13,58,1
14,58,1
22,58,-1
23,58,1
24,58,1
30,58,1
35,58,1
38,58,-1
55,58,1
62,58,1
66,58,1
67,58,1
72,58,1
83,58,1
13,59,1
18,59,1
26,59,1
33,59,1
36,59,1
54,59,1
65,59,1
66,59,1
86,59,1
89,59,1
94,59,1
97,59,-1
3,60,1
10,60,-1
11,60,1
19,60,1
20,60,-1
21,60,1
24,60,1
34,60,1
43,60,1
47,60,1
62,60,1
76,60,1
84,60,1
88,60,1
96,60,-1
13,61,1
15,61,1
16,61,1
23,61,1
27,61,1
31,61,1
34,61,1
40,61,1
44,61,1
58,61,1
63,61,1
67,61,1
3,62,1
5,62,1
15,62,1
27,62,1
33,62,1
38,62,-1
43,62,1
56,62,-1
60,62,1
63,62,1
64,62,-1
66,62,1
72,62,1
90,62,-1
99,62,1
100,62,-1
21,63,1
24,63,1
25,63,-1
31,63,1
45,63,1
54,63,1
56,63,-1
76,63,1
89,63,1
1,64,1
12,64,1
17,64,-1
31,64,1
33,64,1
45,64,1
46,64,-1
59,64,1
71,64,1
77,64,1
83,64,1
85,64,1
8,65,1
34,65,1
39,65,1
42,65,1
52,65,1
62,65,1
81,65,1
82,65,1
91,65,1
12,66,1
17,66,-1
32,66,1
54,66,1
56,66,-1
61,66,-1
85,66,1
86,66,1
89,66,1
92,66,1
93,66,-1
5,67,1
7,67,1
32,67,1
43,67,1
79,67,1
80,67,1
82,67,1
88,67,1
98,67,1
8,68,1
14,68,1
15,68,1
20,68,-1
27,68,1
30,68,1
52,68,1
69,68,1
73,68,-1
83,68,1
89,68,1
91,68,1
13,69,1
14,69,1
18,69,1
25,69,-1
29,69,-1
33,69,1
37,69,-1
45,69,1
66,69,1
72,69,1
84,69,1
93,69,-1
9,70,1
20,70,-1
41,70,1
44,70,1
51,70,1
58,70,1
64,70,-1
65,70,1
68,70,1
69,70,1
85,70,1
87,70,1
94,70,1
96,70,-1
100,70,-1
5,71,1
7,71,1
11,71,1
35,71,1
47,71,1
61,71,-1
65,71,1
86,71,1
89,71,1
90,71,-1
92,71,1
95,71,1
96,71,-1
3,72,1
12,72,1
30,72,1
32,72,1
39,72,1
40,72,1
43,72,1
44,72,1
66,72,1
77,72,1
81,72,1
83,72,1
93,72,-1
1,73,1
4,73,1
53,73,-1
66,73,1
74,73,-1
85,73,1
90,73,-1
11,74,1
20,74,-1
23,74,1
24,74,1
25,74,-1
26,74,1
31,74,1
44,74,1
49,74,1
57,74,1
60,74,1
76,74,1
79,74,1
83,74,1
87,74,1
97,74,-1
16,75,1
27,75,1
28,75,1
52,75,1
62,75,1
67,75,1
74,75,-1
89,75,1
92,75,1
99,75,1
100,75,-1
16,76,1
23,76,1
26,76,1
66,76,1
69,76,1
74,76,-1
80,76,1
85,76,1
92,76,1
3,77,1
11,77,1
14,77,1
16,77,1
51,77,1
70,77,-1
78,77,1
82,77,1
87,77,1
90,77,-1
98,77,1
28,78,1
32,78,1
35,78,1
38,78,-1
46,78,-1
57,78,1
61,78,-1
80,78,1
88,78,1
97,78,-1
98,78,1
19,79,1
34,79,1
37,79,-1
66,79,1
69,79,1
70,79,-1
71,79,1
74,79,-1
78,79,1
85,79,1
88,79,1
89,79,1
12,80,1
33,80,1
42,80,1
49,80,1
60,80,1
67,80,1
85,80,1
87,80,1
89,80,1
5,81,1
9,81,1
20,81,-1
23,81,1
46,81,-1
58,81,1
60,81,1
61,81,-1
67,81,1
69,81,1
96,81,-1
97,81,-1
5,82,1
38,82,-1
47,82,1
53,82,-1
61,82,-1
62,82,1
85,82,1
92,82,1
98,82,1
2,83,-1
5,83,1
8,83,1
9,83,1
40,83,1
42,83,1
51,83,1
56,83,-1
57,83,1
63,83,1
69,83,1
73,83,-1
74,83,-1
75,83,1
84,83,1
91,83,1
98,83,1
3,84,1
9,84,1
13,84,1
18,84,1
23,84,1
24,84,1
32,84,1
36,84,1
38,84,-1
52,84,1
56,84,-1
61,84,-1
66,84,1
67,84,1
76,84,1
77,84,1
87,84,1
94,84,1
98,84,1
3,85,1
14,85,1
19,85,1
35,85,1
47,85,1
48,85,1
52,85,1
71,85,1
84,85,1
12,86,1
17,86,-1
18,86,1
48,86,1
53,86,-1
56,86,-1
73,86,-1
76,86,1
77,86,1
84,86,1
88,86,1
89,86,1
95,86,1
4,87,1
11,87,1
14,87,1
31,87,1
35,87,1
39,87,1
73,87,-1
74,87,-1
77,87,1
81,87,1
85,87,1
91,87,1
2,88,-1
3,88,1
15,88,1
22,88,-1
28,88,1
33,88,1
36,88,1
38,88,-1
39,88,1
50,88,1
73,88,-1
76,88,1
79,88,1
83,88,1
87,88,1
1,89,1
3,89,1
9,89,1
19,89,1
38,89,-1
42,89,1
58,89,1
61,89,-1
63,89,1
84,89,1
87,89,1
92,89,1
93,89,-1
94,89,1
99,89,1
8,90,1
26,90,1
29,90,-1
51,90,1
65,90,1
75,90,1
77,90,1
78,90,1
93,90,-1
9,91,1
11,91,1
12,91,1
23,91,1
38,91,-1
41,91,1
42,91,1
64,91,-1
77,91,1
85,91,1
87,91,1
92,91,1
97,91,-1
1,92,1
6,92,1
13,92,1
15,92,1
20,92,-1
22,92,-1
23,92,1
25,92,-1
35,92,1
39,92,1
90,92,-1
1,93,1
6,93,1
16,93,1
27,93,1
50,93,1
56,93,-1
62,93,1
65,93,1
67,93,1
70,93,-1
71,93,1
74,93,-1
84,93,1
97,93,-1
5,94,1
15,94,1
26,94,1
28,94,1
41,94,1
43,94,1
50,94,1
73,94,-1
75,94,1
81,94,1
8,95,1
22,95,-1
30,95,1
37,95,-1
42,95,1
65,95,1
89,95,1
92,95,1
11,96,1
15,96,1
18,96,1
37,96,-1
68,96,1
100,96,-1
8,97,1
10,97,-1
29,97,-1
31,97,1
48,97,1
53,97,-1
72,97,1
84,97,1
85,97,1
96,97,-1
100,97,-1
6,98,1
7,98,1
23,98,1
49,98,1
61,98,-1
81,98,1
85,98,1
86,98,1
96,98,-1
99,98,1
6,99,1
9,99,1
11,99,1
13,99,1
21,99,1
22,99,-1
33,99,1
48,99,1
51,99,1
67,99,1
98,99,1
20,100,-1
38,100,-1
75,100,1
79,100,1
96,100,-1
