2,1,1
8,1,-1
11,1,1
12,1,1
14,1,1
16,1,1
24,1,1
26,1,1
32,1,1
33,1,1
48,1,-1
51,1,1
63,1,-1
73,1,1
81,1,1
95,1,1
5,2,1
21,2,1
23,2,1
24,2,1
27,2,1
28,2,1
51,2,1
59,2,1
62,2,1
66,2,1
81,2,1
97,2,1
99,2,1
12,3,1
14,3,1
27,3,1
46,3,-1
50,3,1
60,3,1
69,3,1
83,3,-1
86,3,-1
88,3,1
94,3,1
3,4,1
10,4,1
21,4,1
23,4,1
29,4,-1
30,4,1
34,4,1
39,4,-1
53,4,-1
56,4,1
60,4,1
64,4,1
67,4,1
6,5,1
21,5,1
32,5,1
36,5,1
46,5,-1
48,5,-1
49,5,1
61,5,1
66,5,1
91,5,-1
92,5,1
94,5,1
2,6,1
12,6,1
27,6,1
41,6,1
50,6,1
54,6,1
60,6,1
62,6,1
63,6,-1
65,6,1
67,6,1
68,6,-1
85,6,1
92,6,1
95,6,1
4,7,1
15,7,1
19,7,1
25,7,1
31,7,-1
36,7,1
37,7,1
45,7,1
49,7,1
55,7,1
65,7,1
74,7,-1
76,7,1
82,7,1
90,7,1
2,8,1
4,8,1
9,8,1
14,8,1
27,8,1
33,8,1
40,8,1
49,8,1
60,8,1
73,8,1
86,8,-1
3,9,1
4,9,1
28,9,1
33,9,1
36,9,1
38,9,1
51,9,1
54,9,1
81,9,1
93,9,-1
12,10,1
16,10,1
19,10,1
24,10,1
36,10,1
37,10,1
50,10,1
54,10,1
69,10,1
73,10,1
80,10,1
87,10,1
89,10,1
96,10,1
5,11,1
6,11,1
43,11,1
53,11,-1
77,11,-1
79,11,1
100,11,1
5,12,1
9,12,1
20,12,1
29,12,-1
35,12,1
46,12,-1
51,12,1
53,12,-1
59,12,1
69,12,1
88,12,1
15,13,1
24,13,1
35,13,1
48,13,-1
66,13,1
75,13,1
84,13,1
93,13,-1
95,13,1
3,14,1
9,14,1
36,14,1
41,14,1
47,14,1
55,14,1
59,14,1
87,14,1
100,14,1
1,15,1
13,15,1
38,15,1
40,15,1
51,15,1
68,15,-1
73,15,1
77,15,-1
83,15,-1
7,16,1
9,16,1
11,16,1
14,16,1
26,16,1
33,16,1
36,16,1
44,16,-1
67,16,1
68,16,-1
87,16,1
92,16,1
94,16,1
97,16,1
99,16,1
2,17,1
13,17,1
25,17,1
33,17,1
42,17,-1
63,17,-1
67,17,1
68,17,-1
76,17,1
77,17,-1
88,17,1
5,18,1
34,18,1
37,18,1
38,18,1
40,18,1
54,18,1
55,18,1
70,18,-1
83,18,-1
92,18,1
17,19,-1
18,19,1
28,19,1
29,19,-1
31,19,-1
35,19,1
38,19,1
48,19,-1
51,19,1
55,19,1
60,19,1
62,19,1
65,19,1
84,19,1
85,19,1
91,19,-1
94,19,1
95,19,1
96,19,1
10,20,1
16,20,1
36,20,1
40,20,1
41,20,1
50,20,1
52,20,1
53,20,-1
60,20,1
71,20,-1
96,20,1
98,20,1
15,21,1
29,21,-1
32,21,1
34,21,1
36,21,1
59,21,1
62,21,1
90,21,1
92,21,1
98,21,1
2,22,1
14,22,1
16,22,1
33,22,1
51,22,1
54,22,1
56,22,1
71,22,-1
74,22,-1
78,22,1
81,22,1
83,22,-1
89,22,1
91,22,-1
97,22,1
1,23,1
2,23,1
11,23,1
18,23,1
21,23,1
24,23,1
33,23,1
43,23,1
61,23,1
67,23,1
73,23,1
89,23,1
2,24,1
6,24,1
14,24,1
34,24,1
50,24,1
53,24,-1
64,24,1
65,24,1
68,24,-1
79,24,1
2,25,1
5,25,1
7,25,1
17,25,-1
36,25,1
44,25,-1
54,25,1
60,25,1
62,25,1
80,25,1
84,25,1
85,25,1
92,25,1
14,26,1
22,26,1
28,26,1
29,26,-1
46,26,-1
50,26,1
52,26,1
53,26,-1
75,26,1
93,26,-1
100,26,1
1,27,1
3,27,1
14,27,1
16,27,1
24,27,1
36,27,1
43,27,1
48,27,-1
53,27,-1
65,27,1
67,27,1
73,27,1
79,27,1
81,27,1
98,27,1
8,28,-1
11,28,1
18,28,1
25,28,1
29,28,-1
32,28,1
37,28,1
43,28,1
47,28,1
61,28,1
80,28,1
95,28,1
98,28,1
6,29,1
9,29,1
11,29,1
18,29,1
22,29,1
27,29,1
34,29,1
37,29,1
42,29,-1
58,29,1
60,29,1
61,29,1
66,29,1
68,29,-1
72,29,-1
78,29,1
82,29,1
84,29,1
98,29,1
9,30,1
10,30,1
43,30,1
51,30,1
75,30,1
83,30,-1
85,30,1
93,30,-1
1,31,1
26,31,1
28,31,1
41,31,1
51,31,1
52,31,1
61,31,1
75,31,1
79,31,1
82,31,1
6,32,1
16,32,1
23,32,1
50,32,1
53,32,-1
91,32,-1
92,32,1
6,33,1
23,33,1
31,33,-1
42,33,-1
59,33,1
68,33,-1
80,33,1
87,33,1
89,33,1
91,33,-1
23,34,1
25,34,1
30,34,1
48,34,-1
55,34,1
61,34,1
86,34,-1
89,34,1
5,35,1
10,35,1
18,35,1
29,35,-1
31,35,-1
34,35,1
38,35,1
43,35,1
53,35,-1
64,35,1
68,35,-1
70,35,-1
75,35,1
77,35,-1
90,35,1
94,35,1
100,35,1
8,36,-1
22,36,1
35,36,1
40,36,1
44,36,-1
59,36,1
67,36,1
82,36,1
94,36,1
5,37,1
8,37,-1
19,37,1
22,37,1
28,37,1
61,37,1
62,37,1
65,37,1
70,37,-1
85,37,1
92,37,1
21,38,1
32,38,1
48,38,-1
52,38,1
59,38,1
66,38,1
75,38,1
81,38,1
4,39,1
7,39,1
9,39,1
27,39,1
31,39,-1
42,39,-1
52,39,1
59,39,1
62,39,1
92,39,1
4,40,1
11,40,1
13,40,1
14,40,1
32,40,1
35,40,1
58,40,1
78,40,1
84,40,1
89,40,1
93,40,-1
97,40,1
7,41,1
15,41,1
16,41,1
34,41,1
53,41,-1
56,41,1
69,41,1
80,41,1
81,41,1
89,41,1
90,41,1
97,41,1
100,41,1
1,42,1
11,42,1
14,42,1
20,42,1
25,42,1
59,42,1
70,42,-1
71,42,-1
84,42,1
85,42,1
91,42,-1
100,42,1
10,43,1
23,43,1
27,43,1
28,43,1
31,43,-1
33,43,1
34,43,1
37,43,1
42,43,-1
67,43,1
73,43,1
78,43,1
93,43,-1
2,44,1
4,44,1
26,44,1
29,44,-1
45,44,1
48,44,-1
51,44,1
54,44,1
55,44,1
65,44,1
67,44,1
69,44,1
75,44,1
76,44,1
85,44,1
87,44,1
89,44,1
96,44,1
5,45,1
13,45,1
35,45,1
41,45,1
58,45,1
60,45,1
63,45,-1
65,45,1
66,45,1
76,45,1
3,46,1
10,46,1
15,46,1
28,46,1
40,46,1
57,46,1
59,46,1
63,46,-1
66,46,1
98,46,1
99,46,1
100,46,1
1,47,1
14,47,1
25,47,1
30,47,1
34,47,1
49,47,1
51,47,1
54,47,1
70,47,-1
97,47,1
98,47,1
18,48,1
33,48,1
36,48,1
60,48,1
72,48,-1
81,48,1
89,48,1
97,48,1
8,49,-1
22,49,1
39,49,-1
40,49,1
57,49,1
69,49,1
75,49,1
81,49,1
91,49,-1
94,49,1
100,49,1
6,50,1
12,50,1
13,50,1
23,50,1
24,50,1
30,50,1
35,50,1
40,50,1
57,50,1
74,50,-1
99,50,1
100,50,1
4,51,1
5,51,1
9,51,1
29,51,-1
34,51,1
42,51,-1
55,51,1
60,51,1
65,51,1
74,51,-1
77,51,-1
79,51,1
86,51,-1
4,52,1
6,52,1
17,52,-1
22,52,1
28,52,1
30,52,1
40,52,1
48,52,-1
58,52,1
62,52,1
67,52,1
70,52,-1
93,52,-1
94,52,1
3,53,1
27,53,1
56,53,1
63,53,-1
68,53,-1
77,53,-1
12,54,1
19,54,1
23,54,1
39,54,-1
61,54,1
94,54,1
98,54,1
15,55,1
20,55,1
36,55,1
43,55,1
48,55,-1
58,55,1
63,55,-1
87,55,1
8,56,-1
9,56,1
11,56,1
12,56,1
15,56,1
16,56,1
25,56,1
42,56,-1
50,56,1
75,56,1
82,56,1
9,57,1
14,57,1
18,57,1
21,57,1
26,57,1
35,57,1
45,57,1
54,57,1
64,57,1
90,57,1
4,58,1
23,58,1
32,58,1
41,58,1
48,58,-1
52,58,1
84,58,1
94,58,1
96,58,1
1,59,1
7,59,1
11,59,1
36,59,1
58,59,1
67,59,1
69,59,1
72,59,-1
76,59,1
84,59,1
1,60,1
18,60,1
19,60,1
25,60,1
36,60,1
37,60,1
44,60,-1
50,60,1
53,60,-1
59,60,1
61,60,1
63,60,-1
74,60,-1
85,60,1
89,60,1
90,60,1
14,61,1
18,61,1
24,61,1
27,61,1
29,61,-1
34,61,1
38,61,1
49,61,1
52,61,1
54,61,1
73,61,1
87,61,1
97,61,1
10,62,1
22,62,1
25,62,1
30,62,1
41,62,1
52,62,1
53,62,-1
94,62,1
3,63,1
21,63,1
22,63,1
34,63,1
36,63,1
37,63,1
59,63,1
61,63,1
62,63,1
82,63,1
91,63,-1
35,64,1
39,64,-1
40,64,1
44,64,-1
50,64,1
54,64,1
57,64,1
63,64,-1
65,64,1
66,64,1
78,64,1
85,64,1
97,64,1
8,65,-1
10,65,1
17,65,-1
18,65,1
35,65,1
40,65,1
42,65,-1
45,65,1
50,65,1
62,65,1
69,65,1
77,65,-1
82,65,1
84,65,1
93,65,-1
31,66,-1
70,66,-1
76,66,1
77,66,-1
80,66,1
93,66,-1
5,67,1
19,67,1
33,67,1
41,67,1
44,67,-1
55,67,1
56,67,1
59,67,1
87,67,1
4,68,1
15,68,1
30,68,1
31,68,-1
35,68,1
43,68,1
47,68,1
51,68,1
58,68,1
60,68,1
72,68,-1
74,68,-1
77,68,-1
84,68,1
3,69,1
12,69,1
51,69,1
53,69,-1
61,69,1
65,69,1
71,69,-1
81,69,1
94,69,1
20,70,1
39,70,-1
44,70,-1
61,70,1
66,70,1
91,70,-1
94,70,1
9,71,1
21,71,1
25,71,1
27,71,1
36,71,1
67,71,1
73,71,1
78,71,1
81,71,1
82,71,1
83,71,-1
95,71,1
1,72,1
8,72,-1
12,72,1
22,72,1
27,72,1
44,72,-1
64,72,1
74,72,-1
81,72,1
83,72,-1
86,72,-1
87,72,1
1,73,1
12,73,1
44,73,-1
45,73,1
49,73,1
50,73,1
59,73,1
67,73,1
82,73,1
85,73,1
86,73,-1
89,73,1
91,73,-1
94,73,1
1,74,1
48,74,-1
57,74,1
59,74,1
66,74,1
68,74,-1
69,74,1
70,74,-1
98,74,1
99,74,1
8,75,-1
34,75,1
42,75,-1
46,75,-1
51,75,1
59,75,1
67,75,1
71,75,-1
72,75,-1
78,75,1
86,75,-1
98,75,1
1,76,1
2,76,1
14,76,1
18,76,1
23,76,1
25,76,1
29,76,-1
34,76,1
41,76,1
44,76,-1
47,76,1
54,76,1
57,76,1
60,76,1
71,76,-1
79,76,1
80,76,1
95,76,1
8,77,-1
10,77,1
11,77,1
13,77,1
21,77,1
22,77,1
24,77,1
39,77,-1
47,77,1
56,77,1
65,77,1
67,77,1
71,77,-1
90,77,1
2,78,1
19,78,1
20,78,1
22,78,1
34,78,1
35,78,1
45,78,1
47,78,1
48,78,-1
73,78,1
84,78,1
92,78,1
96,78,1
99,78,1
3,79,1
36,79,1
39,79,-1
57,79,1
58,79,1
93,79,-1
98,79,1
26,80,1
30,80,1
35,80,1
55,80,1
75,80,1
95,80,1
24,81,1
28,81,1
40,81,1
45,81,1
55,81,1
77,81,-1
86,81,-1
94,81,1
6,82,1
9,82,1
12,82,1
14,82,1
23,82,1
27,82,1
34,82,1
41,82,1
54,82,1
57,82,1
59,82,1
62,82,1
65,82,1
77,82,-1
80,82,1
81,82,1
1,83,1
6,83,1
10,83,1
12,83,1
19,83,1
20,83,1
32,83,1
36,83,1
38,83,1
39,83,-1
43,83,1
64,83,1
67,83,1
70,83,-1
76,83,1
3,84,1
15,84,1
22,84,1
53,84,-1
63,84,-1
69,84,1
83,84,-1
96,84,1
2,85,1
16,85,1
26,85,1
30,85,1
41,85,1
52,85,1
55,85,1
61,85,1
84,85,1
86,85,-1
97,85,1
99,85,1
1,86,1
2,86,1
5,86,1
34,86,1
38,86,1
39,86,-1
53,86,-1
56,86,1
60,86,1
62,86,1
68,86,-1
75,86,1
76,86,1
93,86,-1
23,87,1
24,87,1
30,87,1
47,87,1
58,87,1
70,87,-1
84,87,1
85,87,1
92,87,1
2,88,1
16,88,1
20,88,1
42,88,-1
46,88,-1
49,88,1
63,88,-1
64,88,1
78,88,1
98,88,1
6,89,1
8,89,-1
18,89,1
23,89,1
43,89,1
46,89,-1
58,89,1
75,89,1
82,89,1
87,89,1
88,89,1
97,89,1
4,90,1
8,90,-1
9,90,1
49,90,1
56,90,1
57,90,1
58,90,1
84,90,1
27,91,1
30,91,1
39,91,-1
47,91,1
56,91,1
57,91,1
58,91,1
68,91,-1
82,91,1
9,92,1
13,92,1
54,92,1
58,92,1
83,92,-1
96,92,1
11,93,1
17,93,-1
26,93,1
27,93,1
31,93,-1
37,93,1
63,93,-1
71,93,-1
76,93,1
77,93,-1
85,93,1
4,94,1
6,94,1
8,94,-1
11,94,1
18,94,1
28,94,1
33,94,1
34,94,1
42,94,-1
43,94,1
51,94,1
57,94,1
59,94,1
81,94,1
85,94,1
96,94,1
1,95,1
7,95,1
14,95,1
25,95,1
30,95,1
32,95,1
42,95,-1
46,95,-1
51,95,1
55,95,1
59,95,1
63,95,-1
68,95,-1
77,95,-1
93,95,-1
2,96,1
7,96,1
18,96,1
22,96,1
37,96,1
57,96,1
60,96,1
61,96,1
62,96,1
75,96,1
77,96,-1
78,96,1
82,96,1
93,96,-1
98,96,1
1,97,1
8,97,-1
11,97,1
15,97,1
25,97,1
30,97,1
33,97,1
34,97,1
47,97,1
64,97,1
71,97,-1
75,97,1
92,97,1
100,97,1
19,98,1
24,98,1
32,98,1
47,98,1
69,98,1
74,98,-1
77,98,-1
92,98,1
15,99,1
26,99,1
54,99,1
61,99,1
88,99,1
95,99,1
11,100,1
12,100,1
21,100,1
25,100,1
26,100,1
45,100,1
49,100,1
54,100,1
61,100,1
62,100,1
64,100,1
69,100,1
72,100,-1
73,100,1
78,100,1
96,100,1
