15,1,1
31,1,1
37,1,1
38,1,1
39,1,1
43,1,-1
47,1,1
51,1,1
54,1,1
75,1,1
77,1,1
91,1,1
94,1,1
5,2,1
8,2,1
11,2,1
16,2,1
17,2,1
20,2,1
35,2,1
47,2,1
56,2,1
57,2,1
66,2,1
79,2,-1
84,2,1
97,2,1
98,2,1
100,2,1
13,3,1
15,3,1
21,3,1
44,3,1
45,3,1
52,3,1
62,3,1
95,3,1
19,4,1
27,4,-1
30,4,-1
36,4,1
49,4,1
54,4,1
59,4,1
83,4,1
86,4,1
89,4,-1
96,4,1
2,5,1
11,5,1
16,5,1
26,5,1
29,5,-1
35,5,1
36,5,1
56,5,1
57,5,1
72,5,1
79,5,-1
84,5,1
10,6,1
11,6,1
33,6,1
47,6,1
52,6,1
67,6,-1
71,6,1
82,6,1
86,6,1
91,6,1
94,6,1
14,7,-1
27,7,-1
31,7,1
40,7,1
41,7,1
61,7,1
73,7,-1
77,7,1
85,7,1
90,7,1
91,7,1
92,7,1
2,8,1
5,8,1
17,8,1
22,8,1
42,8,1
56,8,1
66,8,1
68,8,1
79,8,-1
97,8,1
100,8,1
19,9,1
27,9,-1
57,9,1
72,9,1
80,9,1
90,9,1
100,9,1
6,10,1
23,10,1
28,10,1
44,10,1
50,10,1
52,10,1
62,10,1
91,10,1
94,10,1
96,10,1
99,10,1
6,11,1
26,11,1
47,11,1
66,11,1
71,11,1
83,11,1
89,11,-1
13,12,1
15,12,1
33,12,1
35,12,1
51,12,1
54,12,1
59,12,1
64,12,1
67,12,-1
70,12,1
78,12,1
84,12,1
86,12,1
88,12,-1
90,12,1
3,13,1
15,13,1
18,13,1
28,13,1
55,13,1
64,13,1
68,13,1
78,13,1
82,13,1
88,13,-1
7,14,1
9,14,1
30,14,-1
31,14,1
35,14,1
36,14,1
43,14,-1
44,14,1
47,14,1
72,14,1
73,14,-1
77,14,1
80,14,1
83,14,1
90,14,1
3,15,1
33,15,1
44,15,1
49,15,1
54,15,1
64,15,1
68,15,1
88,15,-1
93,15,1
94,15,1
2,16,1
5,16,1
8,16,1
14,16,-1
35,16,1
56,16,1
72,16,1
79,16,-1
80,16,1
97,16,1
42,17,1
48,17,1
53,17,1
60,17,1
61,17,1
63,17,1
77,17,1
92,17,1
95,17,1
97,17,1
98,17,1
24,18,1
25,18,1
45,18,1
71,18,1
82,18,1
84,18,1
9,19,1
27,19,-1
29,19,-1
40,19,1
44,19,1
49,19,1
55,19,1
65,19,1
76,19,1
85,19,1
91,19,1
100,19,1
11,20,1
13,20,1
15,20,1
16,20,1
35,20,1
36,20,1
43,20,-1
47,20,1
56,20,1
57,20,1
61,20,1
64,20,1
70,20,1
77,20,1
80,20,1
5,21,1
29,21,-1
44,21,1
45,21,1
46,21,-1
50,21,1
56,21,1
61,21,1
85,21,1
95,21,1
2,22,1
17,22,1
56,22,1
57,22,1
98,22,1
100,22,1
13,23,1
28,23,1
30,23,-1
43,23,-1
49,23,1
52,23,1
55,23,1
65,23,1
74,23,1
76,23,1
81,23,1
82,23,1
89,23,-1
1,24,1
28,24,1
30,24,-1
34,24,1
37,24,1
42,24,1
44,24,1
50,24,1
53,24,1
54,24,1
60,24,1
62,24,1
63,24,1
76,24,1
85,24,1
87,24,1
99,24,1
14,25,-1
15,25,1
18,25,1
31,25,1
33,25,1
35,25,1
38,25,1
41,25,1
54,25,1
58,25,-1
73,25,-1
77,25,1
80,25,1
82,25,1
84,25,1
86,25,1
87,25,1
90,25,1
91,25,1
99,25,1
3,26,1
4,26,-1
29,26,-1
36,26,1
45,26,1
57,26,1
65,26,1
72,26,1
83,26,1
89,26,-1
9,27,1
19,27,1
22,27,1
40,27,1
46,27,-1
48,27,1
49,27,1
75,27,1
81,27,1
83,27,1
96,27,1
100,27,1
2,28,1
4,28,-1
6,28,1
18,28,1
48,28,1
52,28,1
53,28,1
55,28,1
62,28,1
67,28,-1
74,28,1
81,28,1
82,28,1
86,28,1
87,28,1
3,29,1
5,29,1
21,29,1
34,29,1
44,29,1
45,29,1
56,29,1
62,29,1
94,29,1
95,29,1
1,30,1
9,30,1
14,30,-1
31,30,1
7,31,1
9,31,1
14,31,-1
41,31,1
69,31,1
73,31,-1
83,31,1
90,31,1
17,32,1
38,32,1
61,32,1
77,32,1
91,32,1
92,32,1
93,32,1
11,33,1
25,33,1
40,33,1
49,33,1
54,33,1
58,33,-1
59,33,1
70,33,1
71,33,1
75,33,1
86,33,1
89,33,-1
21,34,1
24,34,1
40,34,1
49,34,1
50,34,1
56,34,1
63,34,1
75,34,1
85,34,1
87,34,1
89,34,-1
95,34,1
99,34,1
100,34,1
1,35,1
2,35,1
20,35,1
33,35,1
47,35,1
56,35,1
57,35,1
58,35,-1
59,35,1
64,35,1
79,35,-1
80,35,1
84,35,1
90,35,1
4,36,-1
9,36,1
11,36,1
26,36,1
30,36,-1
57,36,1
70,36,1
71,36,1
72,36,1
78,36,1
80,36,1
83,36,1
86,36,1
89,36,-1
1,37,1
24,37,1
28,37,1
39,37,1
54,37,1
60,37,1
63,37,1
74,37,1
75,37,1
82,37,1
99,37,1
1,38,1
32,38,1
43,38,-1
49,38,1
51,38,1
61,38,1
77,38,1
91,38,1
92,38,1
93,38,1
24,39,1
28,39,1
34,39,1
48,39,1
60,39,1
63,39,1
74,39,1
81,39,1
87,39,1
99,39,1
9,40,1
15,40,1
27,40,-1
41,40,1
46,40,-1
49,40,1
53,40,1
67,40,-1
75,40,1
88,40,-1
93,40,1
7,41,1
9,41,1
14,41,-1
19,41,1
20,41,1
22,41,1
25,41,1
27,41,-1
30,41,-1
48,41,1
68,41,1
73,41,-1
83,41,1
86,41,1
9,42,1
10,42,1
15,42,1
17,42,1
44,42,1
53,42,1
59,42,1
61,42,1
62,42,1
66,42,1
67,42,-1
68,42,1
91,42,1
94,42,1
97,42,1
99,42,1
7,43,1
30,43,-1
31,43,1
32,43,1
35,43,1
48,43,1
51,43,1
61,43,1
73,43,-1
77,43,1
90,43,1
29,44,-1
45,44,1
50,44,1
62,44,1
65,44,1
76,44,1
85,44,1
94,44,1
95,44,1
96,44,1
3,45,1
8,45,1
21,45,1
29,45,-1
40,45,1
44,45,1
50,45,1
56,45,1
58,45,-1
62,45,1
76,45,1
84,45,1
85,45,1
94,45,1
3,46,1
8,46,1
9,46,1
13,46,1
15,46,1
26,46,1
29,46,-1
40,46,1
45,46,1
49,46,1
66,46,1
78,46,1
6,47,1
20,47,1
42,47,1
44,47,1
79,47,-1
91,47,1
94,47,1
3,48,1
8,48,1
9,48,1
17,48,1
19,48,1
22,48,1
27,48,-1
31,48,1
42,48,1
52,48,1
53,48,1
60,48,1
62,48,1
67,48,-1
68,48,1
74,48,1
81,48,1
96,48,1
97,48,1
100,48,1
27,49,-1
40,49,1
41,49,1
54,49,1
66,49,1
71,49,1
73,49,-1
75,49,1
88,49,-1
18,50,1
19,50,1
24,50,1
29,50,-1
44,50,1
60,50,1
62,50,1
85,50,1
95,50,1
96,50,1
1,51,1
7,51,1
14,51,-1
15,51,1
20,51,1
32,51,1
38,51,1
47,51,1
54,51,1
61,51,1
64,51,1
77,51,1
91,51,1
94,51,1
6,52,1
10,52,1
17,52,1
42,52,1
48,52,1
50,52,1
60,52,1
82,52,1
91,52,1
94,52,1
17,53,1
24,53,1
39,53,1
40,53,1
48,53,1
50,53,1
52,53,1
56,53,1
60,53,1
63,53,1
67,53,-1
73,53,-1
82,53,1
85,53,1
87,53,1
88,53,-1
92,53,1
93,53,1
99,53,1
1,54,1
4,54,-1
13,54,1
15,54,1
25,54,1
30,54,-1
33,54,1
35,54,1
37,54,1
38,54,1
40,54,1
51,54,1
58,54,-1
59,54,1
64,54,1
70,54,1
75,54,1
88,54,-1
3,55,1
13,55,1
19,55,1
23,55,1
28,55,1
65,55,1
76,55,1
89,55,-1
2,56,1
5,56,1
8,56,1
17,56,1
29,56,-1
41,56,1
57,56,1
63,56,1
79,56,-1
84,56,1
88,56,-1
99,56,1
2,57,1
8,57,1
26,57,1
36,57,1
49,57,1
56,57,1
66,57,1
72,57,1
83,57,1
98,57,1
6,58,1
11,58,1
33,58,1
36,58,1
45,58,1
70,58,1
86,58,1
89,58,-1
11,59,1
12,59,-1
14,59,-1
31,59,1
33,59,1
36,59,1
54,59,1
66,59,1
70,59,1
86,59,1
89,59,-1
90,59,1
95,59,1
98,59,1
24,60,1
39,60,1
53,60,1
63,60,1
82,60,1
85,60,1
87,60,1
99,60,1
17,61,1
32,61,1
38,61,1
43,61,-1
47,61,1
67,61,-1
73,61,-1
77,61,1
91,61,1
92,61,1
98,61,1
6,62,1
9,62,1
10,62,1
21,62,1
29,62,-1
44,62,1
45,62,1
50,62,1
52,62,1
82,62,1
85,62,1
95,62,1
17,63,1
24,63,1
28,63,1
37,63,1
39,63,1
42,63,1
53,63,1
60,63,1
67,63,-1
82,63,1
99,63,1
1,64,1
3,64,1
15,64,1
20,64,1
32,64,1
35,64,1
40,64,1
88,64,-1
9,65,1
19,65,1
23,65,1
28,65,1
49,65,1
55,65,1
74,65,1
81,65,1
85,65,1
89,65,-1
17,66,1
23,66,1
31,66,1
48,66,1
59,66,1
71,66,1
97,66,1
98,66,1
48,67,1
52,67,1
53,67,1
54,67,1
65,67,1
70,67,1
75,67,1
88,67,-1
91,67,1
99,67,1
3,68,1
8,68,1
17,68,1
22,68,1
27,68,-1
31,68,1
46,68,-1
48,68,1
53,68,1
64,68,1
66,68,1
69,68,1
78,68,1
97,68,1
8,69,1
13,69,1
48,69,1
59,69,1
64,69,1
66,69,1
68,69,1
78,69,1
90,69,1
97,69,1
6,70,1
11,70,1
12,70,-1
33,70,1
35,70,1
49,70,1
59,70,1
86,70,1
88,70,-1
9,71,1
11,71,1
25,71,1
33,71,1
34,71,1
59,71,1
98,71,1
99,71,1
5,72,1
7,72,1
11,72,1
14,72,-1
30,72,-1
43,72,-1
47,72,1
58,72,-1
65,72,1
75,72,1
79,72,-1
83,72,1
86,72,1
89,72,-1
90,72,1
7,73,1
9,73,1
14,73,-1
22,73,1
30,73,-1
31,73,1
32,73,1
41,73,1
72,73,1
77,73,1
83,73,1
90,73,1
10,74,1
17,74,1
18,74,1
23,74,1
28,74,1
39,74,1
42,74,1
44,74,1
52,74,1
55,74,1
60,74,1
81,74,1
82,74,1
84,74,1
7,75,1
19,75,1
27,75,-1
38,75,1
40,75,1
53,75,1
54,75,1
88,75,-1
93,75,1
7,76,1
10,76,1
23,76,1
42,76,1
44,76,1
50,76,1
65,76,1
74,76,1
85,76,1
96,76,1
7,77,1
32,77,1
38,77,1
43,77,-1
51,77,1
61,77,1
64,77,1
91,77,1
92,77,1
99,77,1
3,78,1
5,78,1
8,78,1
13,78,1
21,78,1
26,78,1
31,78,1
33,78,1
48,78,1
55,78,1
59,78,1
69,78,1
70,78,1
89,78,-1
90,78,1
5,79,1
6,79,1
14,79,-1
16,79,1
20,79,1
57,79,1
66,79,1
72,79,1
73,79,-1
78,79,1
80,79,1
94,79,1
5,80,1
20,80,1
26,80,1
35,80,1
41,80,1
47,80,1
57,80,1
83,80,1
99,80,1
19,81,1
23,81,1
37,81,1
39,81,1
48,81,1
52,81,1
53,81,1
60,81,1
74,81,1
13,82,1
18,82,1
24,82,1
28,82,1
39,82,1
52,82,1
55,82,1
60,82,1
63,82,1
78,82,1
81,82,1
87,82,1
99,82,1
4,83,-1
7,83,1
9,83,1
11,83,1
14,83,-1
19,83,1
26,83,1
30,83,-1
31,83,1
36,83,1
43,83,-1
58,83,-1
59,83,1
65,83,1
72,83,1
89,83,-1
5,84,1
11,84,1
16,84,1
18,84,1
32,84,1
56,84,1
57,84,1
58,84,-1
69,84,1
82,84,1
86,84,1
89,84,-1
23,85,1
24,85,1
29,85,-1
34,85,1
44,85,1
50,85,1
55,85,1
56,85,1
76,85,1
87,85,1
96,85,1
6,86,1
10,86,1
11,86,1
18,86,1
25,86,1
28,86,1
33,86,1
49,86,1
58,86,-1
69,86,1
71,86,1
84,86,1
89,86,-1
98,86,1
13,87,1
18,87,1
24,87,1
25,87,1
43,87,-1
54,87,1
55,87,1
60,87,1
63,87,1
82,87,1
99,87,1
1,88,1
30,88,-1
33,88,1
34,88,1
38,88,1
40,88,1
41,88,1
49,88,1
54,88,1
59,88,1
64,88,1
75,88,1
93,88,1
4,89,-1
6,89,1
11,89,1
23,89,1
26,89,1
30,89,-1
33,89,1
36,89,1
49,89,1
57,89,1
58,89,-1
65,89,1
69,89,1
70,89,1
72,89,1
73,89,-1
79,89,-1
83,89,1
86,89,1
98,89,1
9,90,1
13,90,1
14,90,-1
30,90,-1
31,90,1
35,90,1
41,90,1
43,90,-1
57,90,1
59,90,1
73,90,-1
77,90,1
80,90,1
83,90,1
91,90,1
6,91,1
15,91,1
20,91,1
38,91,1
47,91,1
48,91,1
51,91,1
52,91,1
62,91,1
67,91,-1
77,91,1
94,91,1
96,91,1
17,92,1
21,92,1
32,92,1
61,92,1
63,92,1
73,92,-1
78,92,1
3,93,1
37,93,1
39,93,1
40,93,1
53,93,1
54,93,1
61,93,1
63,93,1
67,93,-1
77,93,1
88,93,-1
99,93,1
3,94,1
44,94,1
47,94,1
77,94,1
91,94,1
6,95,1
8,95,1
26,95,1
45,95,1
46,95,-1
50,95,1
56,95,1
57,95,1
62,95,1
68,95,1
76,95,1
78,95,1
79,95,-1
85,95,1
92,95,1
94,95,1
96,95,1
100,95,1
3,96,1
19,96,1
21,96,1
23,96,1
24,96,1
29,96,-1
34,96,1
40,96,1
44,96,1
45,96,1
49,96,1
50,96,1
52,96,1
62,96,1
76,96,1
94,96,1
95,96,1
2,97,1
8,97,1
17,97,1
22,97,1
31,97,1
64,97,1
66,97,1
68,97,1
79,97,-1
98,97,1
2,98,1
6,98,1
9,98,1
11,98,1
14,98,-1
22,98,1
26,98,1
33,98,1
36,98,1
49,98,1
57,98,1
69,98,1
71,98,1
73,98,-1
92,98,1
99,98,1
17,99,1
18,99,1
24,99,1
25,99,1
28,99,1
34,99,1
37,99,1
39,99,1
51,99,1
52,99,1
54,99,1
60,99,1
61,99,1
63,99,1
75,99,1
81,99,1
82,99,1
83,99,1
87,99,1
91,99,1
17,100,1
19,100,1
22,100,1
27,100,-1
41,100,1
48,100,1
65,100,1
68,100,1
81,100,1
88,100,-1
