5,1,1
15,1,1
16,1,1
30,1,1
32,1,1
43,1,1
46,1,-1
65,1,1
74,1,1
78,1,1
7,2,1
18,2,1
21,2,1
23,2,1
29,2,1
34,2,1
50,2,1
52,2,-1
56,2,-1
72,2,1
76,2,1
82,2,1
93,2,1
98,2,-1
9,3,1
10,3,1
22,3,-1
30,3,1
33,3,1
41,3,-1
58,3,1
60,3,1
62,3,1
63,3,1
65,3,1
68,3,1
69,3,-1
70,3,1
83,3,1
85,3,1
88,3,1
89,3,1
6,4,1
8,4,1
17,4,1
23,4,1
24,4,1
27,4,1
52,4,-1
59,4,1
62,4,1
86,4,1
88,4,1
96,4,1
15,5,1
17,5,1
34,5,1
43,5,1
47,5,-1
50,5,1
53,5,-1
61,5,-1
64,5,1
74,5,1
77,5,1
78,5,1
10,6,1
29,6,1
30,6,1
34,6,1
47,6,-1
56,6,-1
66,6,1
76,6,1
77,6,1
87,6,1
93,6,1
98,6,-1
2,7,1
21,7,1
29,7,1
52,7,-1
72,7,1
93,7,1
4,8,1
19,8,1
24,8,1
37,8,1
51,8,1
55,8,1
59,8,1
71,8,-1
81,8,1
99,8,1
12,9,1
31,9,1
33,9,1
34,9,1
37,9,1
46,9,-1
47,9,-1
70,9,1
84,9,1
98,9,-1
22,10,-1
30,10,1
33,10,1
41,10,-1
58,10,1
62,10,1
65,10,1
68,10,1
80,10,1
85,10,1
89,10,1
14,11,-1
15,11,1
21,11,1
26,11,1
36,11,1
42,11,1
44,11,1
53,11,-1
55,11,1
73,11,1
87,11,1
90,11,1
97,11,-1
34,12,1
37,12,1
47,12,-1
53,12,-1
82,12,1
84,12,1
94,12,1
97,12,-1
98,12,-1
4,13,1
22,13,-1
39,13,1
41,13,-1
48,13,1
49,13,1
62,13,1
68,13,1
70,13,1
89,13,1
91,13,1
100,13,1
25,14,1
26,14,1
27,14,1
36,14,1
44,14,1
48,14,1
53,14,-1
55,14,1
87,14,1
90,14,1
91,14,1
92,14,1
100,14,1
5,15,1
11,15,1
16,15,1
30,15,1
42,15,1
43,15,1
50,15,1
61,15,-1
64,15,1
74,15,1
78,15,1
94,15,1
15,16,1
20,16,1
32,16,1
42,16,1
43,16,1
57,16,1
61,16,-1
78,16,1
94,16,1
95,16,1
98,16,-1
8,17,1
28,17,1
35,17,1
37,17,1
45,17,-1
59,17,1
81,17,1
84,17,1
88,17,1
2,18,1
6,18,1
23,18,1
34,18,1
47,18,-1
56,18,-1
72,18,1
76,18,1
79,18,1
84,18,1
93,18,1
25,19,1
27,19,1
39,19,1
40,19,-1
49,19,1
54,19,1
55,19,1
71,19,-1
75,19,1
91,19,1
7,20,1
12,20,1
15,20,1
16,20,1
21,20,1
42,20,1
50,20,1
52,20,-1
61,20,-1
74,20,1
78,20,1
82,20,1
94,20,1
95,20,1
97,20,-1
98,20,-1
2,21,1
6,21,1
7,21,1
12,21,1
20,21,1
23,21,1
29,21,1
42,21,1
52,21,-1
53,21,-1
72,21,1
76,21,1
80,21,1
82,21,1
84,21,1
93,21,1
95,21,1
97,21,-1
98,21,-1
10,22,1
33,22,1
60,22,1
63,22,1
68,22,1
69,22,-1
70,22,1
83,22,1
85,22,1
89,22,1
2,23,1
4,23,1
6,23,1
7,23,1
18,23,1
29,23,1
47,23,-1
50,23,1
52,23,-1
56,23,-1
72,23,1
76,23,1
79,23,1
80,23,1
84,23,1
93,23,1
4,24,1
8,24,1
17,24,1
28,24,1
35,24,1
38,24,1
51,24,1
59,24,1
66,24,1
81,24,1
86,24,1
96,24,1
4,25,1
8,25,1
19,25,1
24,25,1
27,25,1
39,25,1
40,25,-1
44,25,1
48,25,1
49,25,1
54,25,1
55,25,1
71,25,-1
91,25,1
99,25,1
100,25,1
11,26,1
14,26,-1
36,26,1
44,26,1
53,26,-1
55,26,1
87,26,1
90,26,1
91,26,1
92,26,1
14,27,-1
19,27,1
25,27,1
26,27,1
44,27,1
54,27,1
55,27,1
87,27,1
8,28,1
17,28,1
35,28,1
45,28,-1
59,28,1
81,28,1
86,28,1
88,28,1
2,29,1
4,29,1
6,29,1
7,29,1
9,29,1
12,29,1
21,29,1
23,29,1
41,29,-1
52,29,-1
72,29,1
80,29,1
82,29,1
84,29,1
89,29,1
93,29,1
98,29,-1
10,30,1
33,30,1
46,30,-1
65,30,1
70,30,1
85,30,1
9,31,1
12,31,1
22,31,-1
34,31,1
37,31,1
45,31,-1
46,31,-1
47,31,-1
49,31,1
70,31,1
76,31,1
79,31,1
83,31,1
84,31,1
85,31,1
88,31,1
12,32,1
15,32,1
16,32,1
20,32,1
21,32,1
42,32,1
43,32,1
53,32,-1
57,32,1
61,32,-1
67,32,1
74,32,1
78,32,1
94,32,1
95,32,1
97,32,-1
3,33,-1
9,33,1
10,33,1
22,33,-1
30,33,1
45,33,-1
46,33,-1
58,33,1
60,33,1
63,33,1
65,33,1
68,33,1
69,33,-1
70,33,1
83,33,1
84,33,1
85,33,1
89,33,1
90,33,1
6,34,1
15,34,1
18,34,1
47,34,-1
50,34,1
56,34,-1
76,34,1
77,34,1
79,34,1
84,34,1
4,35,1
8,35,1
24,35,1
28,35,1
38,35,1
45,35,-1
59,35,1
66,35,1
81,35,1
88,35,1
6,36,1
11,36,1
14,36,-1
26,36,1
44,36,1
48,36,1
53,36,-1
73,36,1
87,36,1
90,36,1
92,36,1
8,37,1
9,37,1
17,37,1
28,37,1
35,37,1
45,37,-1
46,37,-1
66,37,1
71,37,-1
88,37,1
4,38,1
8,38,1
24,38,1
28,38,1
35,38,1
46,38,-1
51,38,1
59,38,1
66,38,1
81,38,1
86,38,1
88,38,1
96,38,1
25,39,1
27,39,1
40,39,-1
41,39,-1
49,39,1
54,39,1
55,39,1
62,39,1
68,39,1
71,39,-1
75,39,1
99,39,1
100,39,1
39,40,1
54,40,1
55,40,1
91,40,1
13,41,-1
21,41,1
48,41,1
49,41,1
62,41,1
80,41,1
100,41,1
7,42,1
11,42,1
15,42,1
16,42,1
32,42,1
53,42,-1
57,42,1
67,42,1
78,42,1
94,42,1
95,42,1
97,42,-1
1,43,1
5,43,1
15,43,1
16,43,1
30,43,1
47,43,-1
54,43,1
61,43,-1
64,43,1
74,43,1
78,43,1
94,43,1
11,44,1
14,44,-1
25,44,1
26,44,1
27,44,1
40,44,-1
53,44,-1
55,44,1
87,44,1
90,44,1
92,44,1
1,45,1
9,45,1
17,45,1
28,45,1
31,45,1
37,45,1
51,45,1
59,45,1
65,45,1
66,45,1
70,45,1
83,45,1
85,45,1
88,45,1
1,46,1
9,46,1
12,46,1
13,46,-1
37,46,1
45,46,-1
65,46,1
69,46,-1
70,46,1
83,46,1
88,46,1
92,46,1
5,47,1
15,47,1
18,47,1
23,47,1
31,47,1
34,47,1
43,47,1
50,47,1
56,47,-1
61,47,-1
64,47,1
76,47,1
77,47,1
79,47,1
84,47,1
87,47,1
93,47,1
13,48,-1
41,48,-1
46,48,-1
49,48,1
62,48,1
73,48,1
80,48,1
87,48,1
89,48,1
90,48,1
91,48,1
92,48,1
99,48,1
100,48,1
13,49,-1
39,49,1
41,49,-1
48,49,1
54,49,1
62,49,1
71,49,-1
80,49,1
91,49,1
100,49,1
5,50,1
9,50,1
13,50,-1
15,50,1
18,50,1
21,50,1
34,50,1
43,50,1
47,50,-1
52,50,-1
56,50,-1
61,50,-1
64,50,1
74,50,1
76,50,1
77,50,1
78,50,1
93,50,1
17,51,1
24,51,1
28,51,1
35,51,1
38,51,1
59,51,1
66,51,1
81,51,1
88,51,1
96,51,1
2,52,1
7,52,1
16,52,1
20,52,1
21,52,1
29,52,1
82,52,1
92,52,1
100,52,1
11,53,1
26,53,1
36,53,1
44,53,1
48,53,1
61,53,-1
62,53,1
64,53,1
73,53,1
86,53,1
87,53,1
4,54,1
19,54,1
25,54,1
39,54,1
55,54,1
71,54,-1
75,54,1
84,54,1
91,54,1
14,55,-1
19,55,1
25,55,1
27,55,1
39,55,1
40,55,-1
44,55,1
53,55,-1
54,55,1
71,55,-1
75,55,1
91,55,1
99,55,1
6,56,1
18,56,1
23,56,1
43,56,1
50,56,1
72,56,1
76,56,1
77,56,1
93,56,1
16,57,1
20,57,1
32,57,1
42,57,1
95,57,1
97,57,-1
98,57,-1
10,58,1
13,58,-1
22,58,-1
30,58,1
33,58,1
62,58,1
68,58,1
69,58,-1
79,58,1
83,58,1
84,58,1
85,58,1
89,58,1
8,59,1
17,59,1
24,59,1
28,59,1
35,59,1
38,59,1
51,59,1
66,59,1
81,59,1
86,59,1
88,59,1
3,60,-1
13,60,-1
22,60,-1
30,60,1
33,60,1
46,60,-1
58,60,1
63,60,1
65,60,1
68,60,1
69,60,-1
70,60,1
83,60,1
85,60,1
1,61,1
15,61,1
43,61,1
47,61,-1
64,61,1
74,61,1
13,62,-1
39,62,1
41,62,-1
49,62,1
100,62,1
3,63,-1
10,63,1
22,63,-1
30,63,1
33,63,1
60,63,1
65,63,1
68,63,1
70,63,1
83,63,1
85,63,1
89,63,1
5,64,1
6,64,1
15,64,1
16,64,1
20,64,1
34,64,1
43,64,1
44,64,1
47,64,-1
50,64,1
53,64,-1
61,64,-1
62,64,1
74,64,1
78,64,1
94,64,1
1,65,1
3,65,-1
9,65,1
17,65,1
22,65,-1
30,65,1
33,65,1
45,65,-1
46,65,-1
58,65,1
60,65,1
63,65,1
69,65,-1
70,65,1
85,65,1
8,66,1
17,66,1
24,66,1
28,66,1
31,66,1
35,66,1
38,66,1
45,66,-1
51,66,1
59,66,1
81,66,1
84,66,1
86,66,1
88,66,1
5,67,1
11,67,1
12,67,1
15,67,1
16,67,1
20,67,1
32,67,1
42,67,1
43,67,1
52,67,-1
53,67,-1
57,67,1
61,67,-1
74,67,1
78,67,1
91,67,1
94,67,1
95,67,1
97,67,-1
98,67,-1
10,68,1
18,68,1
22,68,-1
30,68,1
58,68,1
62,68,1
3,69,-1
33,69,1
60,69,1
63,69,1
70,69,1
83,69,1
3,70,-1
10,70,1
22,70,-1
30,70,1
33,70,1
58,70,1
60,70,1
63,70,1
65,70,1
68,70,1
69,70,-1
83,70,1
85,70,1
90,70,1
4,71,1
8,71,1
17,71,1
19,71,1
24,71,1
25,71,1
30,71,1
37,71,1
40,71,-1
54,71,1
55,71,1
59,71,1
75,71,1
90,71,1
91,71,1
99,71,1
100,71,1
2,72,1
6,72,1
7,72,1
10,72,1
18,72,1
21,72,1
23,72,1
29,72,1
34,72,1
42,72,1
50,72,1
52,72,-1
56,72,-1
68,72,1
76,72,1
93,72,1
11,73,1
12,73,1
13,73,-1
14,73,-1
26,73,1
34,73,1
36,73,1
44,73,1
46,73,-1
48,73,1
53,73,-1
55,73,1
68,73,1
74,73,1
76,73,1
87,73,1
90,73,1
91,73,1
92,73,1
99,73,1
1,74,1
5,74,1
15,74,1
16,74,1
23,74,1
43,74,1
47,74,-1
53,74,-1
56,74,-1
61,74,-1
64,74,1
78,74,1
94,74,1
8,75,1
19,75,1
25,75,1
39,75,1
40,75,-1
54,75,1
55,75,1
71,75,-1
91,75,1
99,75,1
2,76,1
18,76,1
23,76,1
34,76,1
47,76,-1
50,76,1
56,76,-1
72,76,1
77,76,1
79,76,1
84,76,1
93,76,1
6,77,1
15,77,1
23,77,1
34,77,1
43,77,1
47,77,-1
50,77,1
56,77,-1
76,77,1
79,77,1
93,77,1
1,78,1
15,78,1
16,78,1
32,78,1
43,78,1
94,78,1
6,79,1
18,79,1
23,79,1
31,79,1
34,79,1
38,79,1
45,79,-1
47,79,-1
56,79,-1
76,79,1
77,79,1
84,79,1
86,79,1
93,79,1
4,80,1
7,80,1
13,80,-1
21,80,1
22,80,-1
29,80,1
41,80,-1
49,80,1
52,80,-1
56,80,-1
62,80,1
68,80,1
72,80,1
76,80,1
89,80,1
92,80,1
93,80,1
17,81,1
24,81,1
35,81,1
38,81,1
45,81,-1
51,81,1
59,81,1
66,81,1
88,81,1
96,81,1
2,82,1
7,82,1
20,82,1
21,82,1
52,82,-1
97,82,-1
98,82,-1
1,83,1
9,83,1
10,83,1
13,83,-1
22,83,-1
30,83,1
31,83,1
33,83,1
46,83,-1
52,83,-1
58,83,1
60,83,1
63,83,1
65,83,1
68,83,1
69,83,-1
70,83,1
84,83,1
85,83,1
89,83,1
9,84,1
12,84,1
31,84,1
34,84,1
37,84,1
45,84,-1
46,84,-1
47,84,-1
79,84,1
82,84,1
98,84,-1
3,85,-1
22,85,-1
33,85,1
60,85,1
63,85,1
65,85,1
69,85,-1
70,85,1
83,85,1
89,85,1
100,85,1
4,86,1
8,86,1
17,86,1
24,86,1
38,86,1
45,86,-1
51,86,1
59,86,1
66,86,1
79,86,1
81,86,1
88,86,1
14,87,-1
26,87,1
36,87,1
44,87,1
48,87,1
53,87,-1
73,87,1
90,87,1
92,87,1
8,88,1
17,88,1
24,88,1
35,88,1
37,88,1
38,88,1
51,88,1
59,88,1
66,88,1
81,88,1
3,89,-1
9,89,1
10,89,1
13,89,-1
22,89,-1
41,89,-1
52,89,-1
62,89,1
68,89,1
80,89,1
92,89,1
100,89,1
6,90,1
27,90,1
36,90,1
44,90,1
53,90,-1
55,90,1
87,90,1
92,90,1
8,91,1
25,91,1
27,91,1
39,91,1
40,91,-1
41,91,-1
44,91,1
48,91,1
54,91,1
55,91,1
62,91,1
71,91,-1
87,91,1
99,91,1
11,92,1
14,92,-1
26,92,1
29,92,1
36,92,1
41,92,-1
44,92,1
49,92,1
53,92,-1
62,92,1
87,92,1
90,92,1
100,92,1
2,93,1
4,93,1
6,93,1
7,93,1
18,93,1
21,93,1
23,93,1
29,93,1
34,93,1
50,93,1
52,93,-1
56,93,-1
72,93,1
76,93,1
77,93,1
82,93,1
96,93,1
15,94,1
16,94,1
32,94,1
42,94,1
57,94,1
61,94,-1
78,94,1
97,94,-1
12,95,1
15,95,1
16,95,1
20,95,1
32,95,1
42,95,1
57,95,1
61,95,-1
67,95,1
70,95,1
82,95,1
94,95,1
97,95,-1
98,95,-1
4,96,1
8,96,1
17,96,1
24,96,1
35,96,1
37,96,1
59,96,1
66,96,1
81,96,1
86,96,1
88,96,1
12,97,1
16,97,1
21,97,1
32,97,1
42,97,1
52,97,-1
57,97,1
67,97,1
74,97,1
82,97,1
94,97,1
95,97,1
98,97,-1
9,98,1
12,98,1
16,98,1
20,98,1
21,98,1
29,98,1
42,98,1
52,98,-1
82,98,1
94,98,1
95,98,1
97,98,-1
4,99,1
8,99,1
13,99,-1
17,99,1
19,99,1
24,99,1
27,99,1
40,99,-1
49,99,1
54,99,1
55,99,1
59,99,1
88,99,1
91,99,1
96,99,1
13,100,-1
39,100,1
41,100,-1
48,100,1
49,100,1
54,100,1
55,100,1
62,100,1
68,100,1
80,100,1
89,100,1
91,100,1
92,100,1
99,100,1
