10,1,1
21,1,1
47,1,1
48,1,1
52,1,1
57,1,1
63,1,1
83,1,-1
91,1,1
3,2,1
4,2,1
7,2,1
22,2,1
30,2,1
36,2,-1
50,2,1
79,2,1
80,2,1
89,2,1
93,2,1
94,2,1
99,2,1
4,3,1
12,3,1
17,3,1
20,3,1
29,3,1
49,3,1
51,3,1
56,3,1
67,3,1
69,3,-1
72,3,1
78,3,1
87,3,1
95,3,1
2,4,1
5,4,-1
7,4,1
11,4,1
23,4,1
30,4,1
36,4,-1
44,4,1
61,4,1
64,4,1
78,4,1
79,4,1
81,4,1
93,4,1
94,4,1
99,4,1
10,5,1
21,5,1
23,5,1
25,5,-1
28,5,1
31,5,1
34,5,1
38,5,1
39,5,1
40,5,-1
55,5,-1
60,5,1
61,5,1
63,5,1
64,5,1
66,5,1
75,5,1
86,5,1
93,5,1
95,5,1
97,5,1
13,6,-1
18,6,1
46,6,1
54,6,1
60,6,1
76,6,1
85,6,-1
92,6,1
2,7,1
22,7,1
30,7,1
38,7,1
44,7,1
50,7,1
71,7,1
99,7,1
20,8,1
21,8,1
27,8,1
45,8,1
62,8,1
89,8,1
95,8,1
98,8,1
100,8,1
18,9,1
25,9,-1
26,9,1
41,9,-1
46,9,1
47,9,1
53,9,1
58,9,-1
74,9,-1
76,9,1
83,9,-1
92,9,1
1,10,1
21,10,1
28,10,1
34,10,1
47,10,1
63,10,1
83,10,-1
5,11,-1
23,11,1
32,11,1
34,11,1
61,11,1
64,11,1
65,11,1
66,11,1
81,11,1
86,11,1
93,11,1
97,11,1
17,12,1
19,12,-1
29,12,1
42,12,1
59,12,-1
69,12,-1
72,12,1
75,12,1
89,12,1
95,12,1
6,13,1
16,13,1
17,13,1
18,13,1
28,13,1
41,13,-1
52,13,1
53,13,1
54,13,1
60,13,1
76,13,1
82,13,1
85,13,-1
91,13,1
92,13,1
8,14,1
24,14,1
31,14,1
34,14,1
39,14,1
42,14,1
45,14,1
62,14,1
80,14,1
88,14,1
89,14,1
95,14,1
96,14,-1
100,14,1
3,15,1
17,15,1
20,15,1
29,15,1
35,15,1
38,15,1
49,15,1
51,15,1
73,15,1
86,15,1
87,15,1
95,15,1
98,15,1
6,16,1
18,16,1
52,16,1
54,16,1
82,16,1
85,16,-1
90,16,1
92,16,1
7,17,1
24,17,1
29,17,1
49,17,1
56,17,1
59,17,-1
69,17,-1
70,17,1
72,17,1
73,17,1
78,17,1
4,18,1
6,18,1
13,18,-1
16,18,1
41,18,-1
46,18,1
52,18,1
53,18,1
54,18,1
58,18,-1
60,18,1
76,18,1
82,18,1
85,18,-1
90,18,1
91,18,1
92,18,1
7,19,1
12,19,1
22,19,1
48,19,1
50,19,1
55,19,-1
59,19,-1
71,19,1
75,19,1
35,20,1
44,20,1
49,20,1
51,20,1
67,20,1
69,20,-1
73,20,1
81,20,1
87,20,1
95,20,1
98,20,1
10,21,1
28,21,1
31,21,1
32,21,1
34,21,1
40,21,-1
57,21,1
83,21,-1
7,22,1
19,22,-1
27,22,1
30,22,1
38,22,1
48,22,1
50,22,1
55,22,-1
71,22,1
75,22,1
4,23,1
5,23,-1
11,23,1
32,23,1
36,23,-1
40,23,-1
61,23,1
64,23,1
66,23,1
79,23,1
91,23,1
93,23,1
94,23,1
14,24,-1
31,24,1
33,24,1
39,24,1
42,24,1
43,24,1
45,24,1
46,24,1
62,24,1
80,24,1
88,24,1
89,24,1
100,24,1
9,25,-1
26,25,1
41,25,-1
46,25,1
53,25,1
58,25,-1
74,25,-1
77,25,1
90,25,1
1,26,1
9,26,-1
10,26,1
21,26,1
25,26,-1
27,26,1
41,26,-1
46,26,1
47,26,1
51,26,1
53,26,1
57,26,1
58,26,-1
63,26,1
67,26,1
74,26,-1
76,26,1
77,26,1
83,26,-1
7,27,1
30,27,1
48,27,1
50,27,1
52,27,1
55,27,-1
57,27,1
68,27,1
10,28,1
21,28,1
34,28,1
40,28,-1
63,28,1
66,28,1
83,28,-1
97,28,1
12,29,1
17,29,1
49,29,1
51,29,1
59,29,-1
69,29,-1
70,29,1
72,29,1
73,29,1
75,29,1
78,29,1
2,30,1
7,30,1
8,30,1
22,30,1
27,30,1
38,30,1
45,30,1
48,30,1
50,30,1
55,30,-1
57,30,1
60,30,1
67,30,1
71,30,1
89,30,1
99,30,1
14,31,-1
17,31,1
21,31,1
24,31,1
28,31,1
34,31,1
37,31,1
39,31,1
45,31,1
66,31,1
88,31,1
89,31,1
95,31,1
97,31,1
100,31,1
5,32,-1
11,32,1
21,32,1
28,32,1
34,32,1
36,32,-1
40,32,-1
64,32,1
66,32,1
79,32,1
93,32,1
97,32,1
24,33,1
37,33,1
42,33,1
43,33,1
62,33,1
80,33,1
84,33,1
88,33,1
96,33,-1
5,34,-1
11,34,1
14,34,-1
21,34,1
28,34,1
32,34,1
39,34,1
40,34,-1
45,34,1
63,34,1
66,34,1
83,34,-1
91,34,1
95,34,1
97,34,1
3,35,1
7,35,1
15,35,1
20,35,1
49,35,1
51,35,1
67,35,1
73,35,1
87,35,1
95,35,1
98,35,1
2,36,1
5,36,-1
7,36,1
11,36,1
40,36,-1
61,36,1
64,36,1
66,36,1
79,36,1
93,36,1
94,36,1
7,37,1
8,37,1
12,37,1
14,37,-1
19,37,-1
22,37,1
24,37,1
33,37,1
39,37,1
42,37,1
45,37,1
62,37,1
71,37,1
75,37,1
84,37,1
88,37,1
96,37,-1
2,38,1
7,38,1
19,38,-1
22,38,1
27,38,1
48,38,1
50,38,1
55,38,-1
71,38,1
89,38,1
14,39,-1
24,39,1
31,39,1
33,39,1
43,39,1
45,39,1
88,39,1
10,40,1
11,40,1
28,40,1
32,40,1
34,40,1
36,40,-1
63,40,1
64,40,1
66,40,1
93,40,1
97,40,1
9,41,-1
10,41,1
25,41,-1
46,41,1
47,41,1
53,41,1
58,41,-1
74,41,-1
76,41,1
77,41,1
19,42,-1
33,42,1
37,42,1
43,42,1
62,42,1
71,42,1
75,42,1
84,42,1
88,42,1
96,42,-1
4,43,1
8,43,1
14,43,-1
30,43,1
33,43,1
45,43,1
62,43,1
88,43,1
89,43,1
2,44,1
3,44,1
8,44,1
15,44,1
20,44,1
22,44,1
30,44,1
35,44,1
43,44,1
49,44,1
51,44,1
67,44,1
78,44,1
86,44,1
95,44,1
98,44,1
8,45,1
14,45,-1
24,45,1
31,45,1
34,45,1
39,45,1
43,45,1
80,45,1
88,45,1
89,45,1
100,45,1
9,46,-1
13,46,-1
18,46,1
21,46,1
25,46,-1
41,46,-1
47,46,1
53,46,1
58,46,-1
60,46,1
74,46,-1
77,46,1
89,46,1
91,46,1
1,47,1
10,47,1
14,47,-1
21,47,1
25,47,-1
26,47,1
53,47,1
57,47,1
58,47,-1
63,47,1
74,47,-1
83,47,-1
7,48,1
10,48,1
21,48,1
22,48,1
27,48,1
28,48,1
30,48,1
38,48,1
50,48,1
52,48,1
55,48,-1
57,48,1
63,48,1
68,48,1
71,48,1
83,48,-1
89,48,1
99,48,1
17,49,1
20,49,1
29,49,1
51,49,1
59,49,-1
72,49,1
73,49,1
87,49,1
95,49,1
98,49,1
22,50,1
27,50,1
38,50,1
48,50,1
55,50,-1
68,50,1
20,51,1
35,51,1
44,51,1
49,51,1
67,51,1
73,51,1
86,51,1
87,51,1
95,51,1
98,51,1
9,52,-1
16,52,1
18,52,1
27,52,1
30,52,1
48,52,1
50,52,1
55,52,-1
68,52,1
91,52,1
92,52,1
99,52,1
9,53,-1
18,53,1
25,53,-1
41,53,-1
46,53,1
47,53,1
58,53,-1
60,53,1
62,53,1
70,53,1
74,53,-1
76,53,1
77,53,1
90,53,1
91,53,1
13,54,-1
16,54,1
18,54,1
52,54,1
82,54,1
85,54,-1
90,54,1
91,54,1
2,55,1
7,55,1
27,55,1
30,55,1
48,55,1
50,55,1
52,55,1
57,55,1
68,55,1
12,56,1
17,56,1
28,56,1
29,56,1
66,56,1
69,56,-1
72,56,1
73,56,1
78,56,1
86,56,1
93,56,1
9,57,-1
10,57,1
18,57,1
27,57,1
38,57,1
47,57,1
48,57,1
50,57,1
52,57,1
55,57,-1
68,57,1
71,57,1
83,57,-1
92,57,1
99,57,1
9,58,-1
25,58,-1
41,58,-1
46,58,1
47,58,1
53,58,1
57,58,1
74,58,-1
77,58,1
12,59,1
19,59,-1
29,59,1
49,59,1
69,59,-1
70,59,1
72,59,1
75,59,1
76,59,1
96,59,-1
6,60,1
13,60,-1
16,60,1
18,60,1
52,60,1
54,60,1
57,60,1
71,60,1
76,60,1
82,60,1
85,60,-1
90,60,1
91,60,1
99,60,1
4,61,1
11,61,1
32,61,1
64,61,1
79,61,1
81,61,1
93,61,1
94,61,1
24,62,1
31,62,1
33,62,1
39,62,1
42,62,1
43,62,1
45,62,1
80,62,1
84,62,1
88,62,1
89,62,1
1,63,1
5,63,-1
10,63,1
21,63,1
28,63,1
34,63,1
57,63,1
83,63,-1
97,63,1
5,64,-1
11,64,1
23,64,1
32,64,1
61,64,1
65,64,1
66,64,1
79,64,1
93,64,1
94,64,1
97,64,1
2,65,1
4,65,1
56,65,1
59,65,-1
66,65,1
69,65,-1
78,65,1
81,65,1
86,65,1
93,65,1
11,66,1
21,66,1
23,66,1
32,66,1
34,66,1
40,66,-1
61,66,1
63,66,1
64,66,1
78,66,1
79,66,1
81,66,1
86,66,1
93,66,1
94,66,1
97,66,1
3,67,1
15,67,1
20,67,1
29,67,1
35,67,1
44,67,1
49,67,1
51,67,1
87,67,1
95,67,1
98,67,1
27,68,1
48,68,1
52,68,1
55,68,-1
57,68,1
92,68,1
11,69,1
12,69,1
17,69,1
29,69,1
49,69,1
56,69,1
72,69,1
73,69,1
75,69,1
78,69,1
86,69,1
87,69,1
12,70,1
13,70,-1
18,70,1
20,70,1
26,70,1
29,70,1
47,70,1
49,70,1
59,70,-1
69,70,-1
72,70,1
75,70,1
76,70,1
92,70,1
2,71,1
4,71,1
7,71,1
19,71,-1
22,71,1
29,71,1
30,71,1
38,71,1
42,71,1
50,71,1
55,71,-1
75,71,1
99,71,1
3,72,1
12,72,1
17,72,1
29,72,1
49,72,1
51,72,1
56,72,1
59,72,-1
69,72,-1
70,72,1
73,72,1
75,72,1
78,72,1
86,72,1
87,72,1
98,72,1
3,73,1
8,73,1
17,73,1
20,73,1
35,73,1
49,73,1
56,73,1
59,73,-1
72,73,1
78,73,1
86,73,1
1,74,1
10,74,1
25,74,-1
26,74,1
41,74,-1
47,74,1
53,74,1
58,74,-1
70,74,1
77,74,1
83,74,-1
2,75,1
7,75,1
12,75,1
19,75,-1
29,75,1
33,75,1
37,75,1
59,75,-1
62,75,1
70,75,1
71,75,1
72,75,1
80,75,1
96,75,-1
9,76,-1
13,76,-1
16,76,1
18,76,1
30,76,1
46,76,1
49,76,1
54,76,1
60,76,1
82,76,1
85,76,-1
90,76,1
91,76,1
92,76,1
95,76,1
98,76,1
9,77,-1
13,77,-1
25,77,-1
30,77,1
41,77,-1
46,77,1
47,77,1
53,77,1
74,77,-1
91,77,1
2,78,1
4,78,1
8,78,1
12,78,1
17,78,1
39,78,1
49,78,1
51,78,1
56,78,1
59,78,-1
61,78,1
65,78,1
69,78,-1
73,78,1
86,78,1
93,78,1
2,79,1
4,79,1
5,79,-1
7,79,1
11,79,1
23,79,1
36,79,-1
61,79,1
64,79,1
66,79,1
78,79,1
81,79,1
93,79,1
94,79,1
8,80,1
12,80,1
14,80,-1
21,80,1
23,80,1
24,80,1
31,80,1
33,80,1
34,80,1
37,80,1
39,80,1
42,80,1
43,80,1
45,80,1
62,80,1
84,80,1
87,80,1
88,80,1
89,80,1
96,80,-1
2,81,1
4,81,1
5,81,-1
11,81,1
23,81,1
32,81,1
36,81,-1
44,81,1
56,81,1
61,81,1
64,81,1
65,81,1
66,81,1
72,81,1
73,81,1
78,81,1
79,81,1
86,81,1
93,81,1
94,81,1
16,82,1
18,82,1
52,82,1
54,82,1
60,82,1
70,82,1
76,82,1
90,82,1
91,82,1
1,83,1
10,83,1
21,83,1
28,83,1
46,83,1
47,83,1
57,83,1
63,83,1
74,83,-1
24,84,1
33,84,1
37,84,1
43,84,1
62,84,1
80,84,1
88,84,1
96,84,-1
6,85,1
13,85,-1
16,85,1
18,85,1
46,85,1
60,85,1
76,85,1
92,85,1
8,86,1
17,86,1
29,86,1
35,86,1
51,86,1
65,86,1
69,86,-1
73,86,1
76,86,1
78,86,1
81,86,1
3,87,1
7,87,1
12,87,1
15,87,1
17,87,1
20,87,1
35,87,1
49,87,1
51,87,1
56,87,1
67,87,1
70,87,1
73,87,1
78,87,1
81,87,1
95,87,1
8,88,1
14,88,-1
24,88,1
33,88,1
42,88,1
43,88,1
62,88,1
71,88,1
75,88,1
84,88,1
96,88,-1
100,88,1
2,89,1
8,89,1
22,89,1
24,89,1
30,89,1
38,89,1
39,89,1
43,89,1
45,89,1
48,89,1
50,89,1
62,89,1
71,89,1
88,89,1
9,90,-1
13,90,-1
16,90,1
18,90,1
41,90,-1
52,90,1
53,90,1
54,90,1
60,90,1
76,90,1
77,90,1
82,90,1
85,90,-1
91,90,1
92,90,1
6,91,1
13,91,-1
16,91,1
18,91,1
30,91,1
41,91,-1
52,91,1
54,91,1
55,91,-1
57,91,1
60,91,1
63,91,1
76,91,1
77,91,1
82,91,1
83,91,-1
85,91,-1
90,91,1
99,91,1
9,92,-1
13,92,-1
16,92,1
18,92,1
27,92,1
41,92,-1
48,92,1
52,92,1
54,92,1
55,92,-1
58,92,-1
60,92,1
68,92,1
71,92,1
76,92,1
82,92,1
90,92,1
91,92,1
4,93,1
11,93,1
23,93,1
32,93,1
40,93,-1
61,93,1
64,93,1
66,93,1
73,93,1
79,93,1
81,93,1
86,93,1
94,93,1
11,94,1
23,94,1
36,94,-1
40,94,-1
61,94,1
64,94,1
79,94,1
81,94,1
93,94,1
2,95,1
8,95,1
14,95,-1
15,95,1
20,95,1
32,95,1
35,95,1
44,95,1
51,95,1
71,95,1
73,95,1
86,95,1
98,95,1
19,96,-1
33,96,1
37,96,1
42,96,1
62,96,1
71,96,1
75,96,1
80,96,1
88,96,1
5,97,-1
11,97,1
21,97,1
28,97,1
32,97,1
34,97,1
40,97,-1
63,97,1
66,97,1
3,98,1
14,98,-1
15,98,1
16,98,1
20,98,1
35,98,1
44,98,1
49,98,1
51,98,1
67,98,1
73,98,1
86,98,1
87,98,1
95,98,1
7,99,1
8,99,1
18,99,1
27,99,1
30,99,1
43,99,1
48,99,1
50,99,1
55,99,-1
57,99,1
68,99,1
71,99,1
89,99,1
91,99,1
8,100,1
14,100,-1
24,100,1
31,100,1
33,100,1
39,100,1
44,100,1
45,100,1
80,100,1
89,100,1
