28,1,1
32,1,-1
33,1,-1
37,1,-1
42,1,-1
43,1,1
66,1,1
78,1,1
82,1,1
84,1,1
87,1,1
91,1,1
95,1,-1
100,1,1
7,2,-1
12,2,1
16,2,-1
18,2,1
19,2,1
20,2,1
21,2,1
22,2,1
27,2,1
31,2,1
40,2,-1
64,2,1
71,2,-1
73,2,1
83,2,1
85,2,1
86,2,1
92,2,1
9,3,1
29,3,1
35,3,1
37,3,-1
46,3,-1
51,3,1
56,3,-1
58,3,1
60,3,1
64,3,1
65,3,1
11,4,1
17,4,-1
23,4,1
25,4,1
37,4,-1
38,4,-1
39,4,1
69,4,1
75,4,1
76,4,1
79,4,1
88,4,-1
89,4,1
90,4,-1
13,5,1
28,5,1
32,5,-1
41,5,1
44,5,1
48,5,1
52,5,1
59,5,1
63,5,1
75,5,1
77,5,1
14,6,1
30,6,1
34,6,1
45,6,1
54,6,1
55,6,-1
61,6,1
67,6,1
72,6,1
74,6,-1
92,6,1
2,7,1
12,7,1
16,7,-1
18,7,1
19,7,1
20,7,1
40,7,-1
58,7,1
71,7,-1
86,7,1
15,8,1
25,8,1
26,8,-1
27,8,1
44,8,1
57,8,1
63,8,1
80,8,1
85,8,1
94,8,1
46,9,-1
51,9,1
56,9,-1
58,9,1
60,9,1
8,10,1
11,10,1
25,10,1
39,10,1
54,10,1
61,10,1
68,10,1
69,10,1
74,10,-1
88,10,-1
99,10,-1
8,11,1
25,11,1
27,11,1
31,11,1
39,11,1
44,11,1
46,11,-1
57,11,1
68,11,1
72,11,1
2,12,1
7,12,-1
19,12,1
21,12,1
22,12,1
40,12,-1
71,12,-1
86,12,1
96,12,1
5,13,1
8,13,1
27,13,1
48,13,1
49,13,1
59,13,1
63,13,1
70,13,1
80,13,1
81,13,1
85,13,1
94,13,1
11,14,1
30,14,1
41,14,1
45,14,1
54,14,1
55,14,-1
61,14,1
68,14,1
72,14,1
92,14,1
99,14,-1
8,15,1
26,15,-1
27,15,1
31,15,1
36,15,1
63,15,1
80,15,1
85,15,1
94,15,1
96,15,1
18,16,1
19,16,1
20,16,1
22,16,1
27,16,1
31,16,1
44,16,1
53,16,1
85,16,1
96,16,1
4,17,-1
24,17,1
38,17,-1
49,17,1
69,17,1
75,17,1
76,17,1
88,17,-1
90,17,-1
97,17,1
98,17,1
2,18,1
15,18,1
16,18,-1
19,18,1
20,18,1
27,18,1
31,18,1
40,18,-1
52,18,1
53,18,1
56,18,-1
71,18,-1
73,18,1
96,18,1
2,19,1
7,19,-1
12,19,1
16,19,-1
18,19,1
20,19,1
21,19,1
22,19,1
25,19,1
27,19,1
31,19,1
40,19,-1
53,19,1
58,19,1
71,19,-1
83,19,1
85,19,1
86,19,1
96,19,1
2,20,1
7,20,-1
12,20,1
19,20,1
27,20,1
31,20,1
39,20,1
40,20,-1
44,20,1
53,20,1
58,20,1
71,20,-1
73,20,1
83,20,1
86,20,1
96,20,1
2,21,1
7,21,-1
12,21,1
40,21,-1
86,21,1
2,22,1
18,22,1
19,22,1
20,22,1
40,22,-1
71,22,-1
74,22,-1
96,22,1
4,23,-1
17,23,-1
41,23,1
49,23,1
53,23,1
69,23,1
75,23,1
76,23,1
89,23,1
98,23,1
4,24,-1
17,24,-1
38,24,-1
69,24,1
74,24,-1
79,24,1
88,24,-1
90,24,-1
93,24,1
97,24,1
4,25,-1
5,25,1
8,25,1
11,25,1
23,25,1
27,25,1
31,25,1
44,25,1
53,25,1
85,25,1
89,25,1
8,26,1
15,26,1
27,26,1
36,26,1
63,26,1
70,26,1
80,26,1
85,26,1
94,26,1
96,26,1
15,27,1
16,27,-1
26,27,-1
31,27,1
63,27,1
68,27,1
85,27,1
96,27,1
5,28,1
32,28,-1
33,28,-1
42,28,-1
43,28,1
47,28,1
50,28,1
52,28,1
64,28,1
77,28,1
78,28,1
82,28,1
85,28,1
87,28,1
91,28,1
95,28,-1
100,28,1
3,29,1
9,29,1
35,29,1
37,29,-1
46,29,-1
51,29,1
56,29,-1
58,29,1
60,29,1
65,29,1
66,29,1
83,29,1
5,30,1
6,30,-1
14,30,1
34,30,1
45,30,1
54,30,1
55,30,-1
61,30,1
68,30,1
72,30,1
92,30,1
93,30,1
11,31,1
12,31,1
15,31,1
19,31,1
25,31,1
27,31,1
44,31,1
57,31,1
58,31,1
71,31,-1
96,31,1
28,32,1
33,32,-1
42,32,-1
47,32,1
50,32,1
52,32,1
56,32,-1
78,32,1
87,32,1
100,32,1
1,33,1
28,33,1
32,33,-1
42,33,-1
47,33,1
52,33,1
77,33,1
78,33,1
82,33,1
87,33,1
100,33,1
6,34,-1
14,34,1
30,34,1
38,34,-1
39,34,1
45,34,1
54,34,1
61,34,1
68,34,1
93,34,1
1,35,1
9,35,1
29,35,1
32,35,-1
37,35,-1
43,35,1
51,35,1
56,35,-1
58,35,1
66,35,1
78,35,1
82,35,1
83,35,1
84,35,1
91,35,1
95,35,-1
100,35,1
26,36,-1
27,36,1
63,36,1
70,36,1
80,36,1
1,37,1
3,37,1
29,37,1
35,37,1
43,37,1
46,37,-1
64,37,1
66,37,1
82,37,1
84,37,1
91,37,1
95,37,-1
39,38,1
69,38,1
79,38,1
88,38,-1
90,38,-1
97,38,1
10,39,1
14,39,1
25,39,1
34,39,1
38,39,-1
44,39,1
46,39,-1
54,39,1
61,39,1
68,39,1
69,39,1
74,39,-1
92,39,1
97,39,1
99,39,-1
2,40,1
12,40,1
16,40,-1
19,40,1
20,40,1
22,40,1
58,40,1
71,40,-1
86,40,1
17,41,-1
23,41,1
39,41,1
48,41,1
49,41,1
54,41,1
62,41,-1
67,41,1
72,41,1
75,41,1
83,41,1
89,41,1
91,41,1
93,41,1
98,41,1
33,42,-1
35,42,1
43,42,1
52,42,1
78,42,1
82,42,1
91,42,1
100,42,1
35,43,1
37,43,-1
51,43,1
64,43,1
87,43,1
91,43,1
95,43,-1
2,44,1
4,44,-1
8,44,1
11,44,1
15,44,1
25,44,1
27,44,1
46,44,-1
53,44,1
56,44,-1
57,44,1
14,45,1
30,45,1
55,45,-1
61,45,1
68,45,1
3,46,1
9,46,1
29,46,1
31,46,1
37,46,-1
51,46,1
56,46,-1
57,46,1
58,46,1
60,46,1
65,46,1
66,46,1
68,46,1
5,47,1
18,47,1
28,47,1
32,47,-1
33,47,-1
50,47,1
52,47,1
70,47,1
77,47,1
78,47,1
100,47,1
5,48,1
13,48,1
24,48,1
49,48,1
52,48,1
54,48,1
59,48,1
62,48,-1
67,48,1
75,48,1
77,48,1
83,48,1
89,48,1
92,48,1
93,48,1
98,48,1
100,48,1
4,49,-1
5,49,1
17,49,-1
23,49,1
24,49,1
41,49,1
48,49,1
54,49,1
59,49,1
67,49,1
75,49,1
76,49,1
79,49,1
89,49,1
90,49,-1
94,49,1
98,49,1
5,50,1
28,50,1
32,50,-1
33,50,-1
42,50,-1
44,50,1
47,50,1
52,50,1
63,50,1
70,50,1
73,50,1
77,50,1
78,50,1
80,50,1
85,50,1
91,50,1
100,50,1
3,51,1
9,51,1
29,51,1
37,51,-1
46,51,-1
56,51,-1
58,51,1
60,51,1
64,51,1
65,51,1
66,51,1
91,51,1
5,52,1
6,52,-1
14,52,1
28,52,1
32,52,-1
33,52,-1
42,52,-1
47,52,1
50,52,1
56,52,-1
77,52,1
78,52,1
82,52,1
84,52,1
100,52,1
2,53,1
15,53,1
16,53,-1
18,53,1
20,53,1
22,53,1
27,53,1
31,53,1
40,53,-1
57,53,1
58,53,1
63,53,1
73,53,1
85,53,1
98,53,1
14,54,1
30,54,1
34,54,1
38,54,-1
39,54,1
61,54,1
62,54,-1
74,54,-1
92,54,1
93,54,1
6,55,-1
14,55,1
30,55,1
34,55,1
45,55,1
54,55,1
61,55,1
68,55,1
72,55,1
92,55,1
42,56,-1
43,56,1
46,56,-1
51,56,1
58,56,1
60,56,1
65,56,1
73,56,1
95,56,-1
8,57,1
9,57,1
11,57,1
14,57,1
15,57,1
25,57,1
27,57,1
30,57,1
44,57,1
46,57,-1
51,57,1
56,57,-1
58,57,1
61,57,1
68,57,1
2,58,1
3,58,1
9,58,1
15,58,1
31,58,1
35,58,1
37,58,-1
46,58,-1
51,58,1
56,58,-1
5,59,1
29,59,1
37,59,-1
41,59,1
48,59,1
49,59,1
67,59,1
72,59,1
75,59,1
89,59,1
90,59,-1
98,59,1
3,60,1
9,60,1
35,60,1
37,60,-1
46,60,-1
51,60,1
56,60,-1
57,60,1
58,60,1
64,60,1
65,60,1
68,60,1
98,60,1
6,61,-1
11,61,1
14,61,1
30,61,1
34,61,1
38,61,-1
39,61,1
41,61,1
45,61,1
49,61,1
54,61,1
55,61,-1
62,61,-1
68,61,1
72,61,1
90,61,-1
92,61,1
93,61,1
34,62,1
41,62,1
54,62,1
61,62,1
75,62,1
89,62,1
93,62,1
15,63,1
26,63,-1
27,63,1
36,63,1
44,63,1
70,63,1
80,63,1
85,63,1
94,63,1
1,64,1
9,64,1
28,64,1
33,64,-1
37,64,-1
42,64,-1
43,64,1
44,64,1
51,64,1
56,64,-1
59,64,1
60,64,1
65,64,1
68,64,1
78,64,1
83,64,1
87,64,1
91,64,1
95,64,-1
100,64,1
3,65,1
9,65,1
29,65,1
37,65,-1
46,65,-1
51,65,1
56,65,-1
58,65,1
60,65,1
68,65,1
1,66,1
3,66,1
29,66,1
35,66,1
37,66,-1
43,66,1
51,66,1
64,66,1
82,66,1
84,66,1
91,66,1
95,66,-1
5,67,1
17,67,-1
41,67,1
48,67,1
49,67,1
59,67,1
62,67,-1
75,67,1
89,67,1
92,67,1
93,67,1
98,67,1
9,68,1
11,68,1
14,68,1
31,68,1
45,68,1
46,68,-1
51,68,1
57,68,1
60,68,1
61,68,1
72,68,1
92,68,1
24,69,1
38,69,-1
74,69,-1
79,69,1
88,69,-1
99,69,-1
5,70,1
13,70,1
15,70,1
27,70,1
28,70,1
50,70,1
52,70,1
63,70,1
85,70,1
94,70,1
2,71,1
7,71,-1
8,71,1
12,71,1
16,71,-1
18,71,1
19,71,1
20,71,1
21,71,1
22,71,1
27,71,1
40,71,-1
53,71,1
67,71,1
73,71,1
86,71,1
6,72,-1
14,72,1
30,72,1
34,72,1
39,72,1
45,72,1
54,72,1
55,72,-1
57,72,1
61,72,1
68,72,1
92,72,1
98,72,1
100,72,1
2,73,1
12,73,1
16,73,-1
20,73,1
22,73,1
32,73,-1
40,73,-1
44,73,1
56,73,-1
64,73,1
83,73,1
86,73,1
87,73,1
96,73,1
38,74,-1
39,74,1
54,74,1
79,74,1
88,74,-1
97,74,1
99,74,-1
5,75,1
13,75,1
23,75,1
41,75,1
48,75,1
49,75,1
59,75,1
67,75,1
89,75,1
98,75,1
4,76,-1
17,76,-1
24,76,1
38,76,-1
41,76,1
69,76,1
74,76,-1
75,76,1
79,76,1
88,76,-1
89,76,1
90,76,-1
97,76,1
28,77,1
32,77,-1
33,77,-1
42,77,-1
47,77,1
50,77,1
52,77,1
70,77,1
78,77,1
100,77,1
1,78,1
28,78,1
32,78,-1
33,78,-1
64,78,1
82,78,1
87,78,1
91,78,1
95,78,-1
100,78,1
4,79,-1
8,79,1
17,79,-1
24,79,1
38,79,-1
39,79,1
54,79,1
69,79,1
74,79,-1
76,79,1
88,79,-1
90,79,-1
97,79,1
99,79,-1
5,80,1
8,80,1
13,80,1
15,80,1
18,80,1
19,80,1
26,80,-1
27,80,1
36,80,1
44,80,1
52,80,1
63,80,1
70,80,1
81,80,1
85,80,1
94,80,1
96,80,1
5,81,1
8,81,1
9,81,1
13,81,1
15,81,1
16,81,-1
26,81,-1
27,81,1
37,81,-1
46,81,-1
52,81,1
63,81,1
70,81,1
80,81,1
85,81,1
94,81,1
1,82,1
3,82,1
29,82,1
32,82,-1
33,82,-1
37,82,-1
43,82,1
47,82,1
52,82,1
64,82,1
66,82,1
77,82,1
78,82,1
84,82,1
91,82,1
100,82,1
5,83,1
9,83,1
13,83,1
39,83,1
43,83,1
50,83,1
56,83,-1
58,83,1
60,83,1
64,83,1
68,83,1
73,83,1
89,83,1
95,83,-1
29,84,1
37,84,-1
43,84,1
66,84,1
78,84,1
82,84,1
91,84,1
95,84,-1
5,85,1
8,85,1
13,85,1
16,85,-1
26,85,-1
27,85,1
31,85,1
36,85,1
52,85,1
63,85,1
70,85,1
71,85,-1
80,85,1
96,85,1
2,86,1
6,86,-1
7,86,-1
12,86,1
19,86,1
20,86,1
21,86,1
22,86,1
40,86,-1
71,86,-1
84,86,1
32,87,-1
33,87,-1
35,87,1
42,87,-1
56,87,-1
64,87,1
78,87,1
91,87,1
95,87,-1
100,87,1
4,88,-1
17,88,-1
24,88,1
38,88,-1
39,88,1
49,88,1
69,88,1
74,88,-1
76,88,1
79,88,1
90,88,-1
93,88,1
97,88,1
17,89,-1
23,89,1
24,89,1
41,89,1
49,89,1
53,89,1
62,89,-1
67,89,1
75,89,1
83,89,1
98,89,1
4,90,-1
17,90,-1
24,90,1
38,90,-1
39,90,1
54,90,1
67,90,1
69,90,1
76,90,1
79,90,1
88,90,-1
97,90,1
1,91,1
37,91,-1
43,91,1
52,91,1
64,91,1
66,91,1
69,91,1
78,91,1
82,91,1
84,91,1
95,91,-1
100,91,1
30,92,1
34,92,1
39,92,1
59,92,1
61,92,1
62,92,-1
73,92,1
93,92,1
6,93,-1
9,93,1
14,93,1
17,93,-1
30,93,1
34,93,1
38,93,-1
39,93,1
41,93,1
45,93,1
49,93,1
54,93,1
55,93,-1
59,93,1
61,93,1
62,93,-1
69,93,1
72,93,1
74,93,-1
75,93,1
88,93,-1
90,93,-1
92,93,1
99,93,-1
8,94,1
15,94,1
26,94,-1
27,94,1
28,94,1
36,94,1
41,94,1
63,94,1
80,94,1
1,95,1
29,95,1
32,95,-1
35,95,1
37,95,-1
42,95,-1
43,95,1
64,95,1
66,95,1
73,95,1
78,95,1
82,95,1
84,95,1
87,95,1
91,95,1
100,95,1
7,96,-1
8,96,1
15,96,1
16,96,-1
18,96,1
19,96,1
26,96,-1
27,96,1
31,96,1
36,96,1
40,96,-1
53,96,1
63,96,1
71,96,-1
80,96,1
85,96,1
94,96,1
4,97,-1
10,97,1
23,97,1
38,97,-1
39,97,1
69,97,1
74,97,-1
79,97,1
88,97,-1
90,97,-1
99,97,-1
5,98,1
25,98,1
49,98,1
59,98,1
67,98,1
71,98,-1
75,98,1
89,98,1
24,99,1
38,99,-1
39,99,1
54,99,1
55,99,-1
61,99,1
69,99,1
71,99,-1
74,99,-1
75,99,1
88,99,-1
90,99,-1
92,99,1
93,99,1
97,99,1
32,100,-1
33,100,-1
42,100,-1
52,100,1
77,100,1
78,100,1
84,100,1
87,100,1
91,100,1
95,100,-1
