14,1,1
27,1,1
30,1,1
39,1,1
49,1,1
52,1,1
56,1,-1
88,1,1
94,1,1
98,1,1
4,2,-1
10,2,-1
15,2,-1
40,2,-1
43,2,1
45,2,1
49,2,1
54,2,1
61,2,1
63,2,-1
68,2,1
73,2,-1
88,2,1
2,3,1
12,3,1
19,3,1
24,3,1
27,3,1
30,3,1
38,3,-1
42,3,1
45,3,1
48,3,1
52,3,1
53,3,-1
54,3,1
74,3,1
75,3,-1
88,3,1
97,3,-1
10,4,-1
15,4,-1
30,4,1
34,4,1
43,4,1
45,4,1
61,4,1
68,4,1
73,4,-1
1,5,1
11,5,1
25,5,1
27,5,1
28,5,-1
30,5,1
48,5,1
53,5,-1
56,5,-1
94,5,1
7,6,-1
17,6,-1
19,6,1
20,6,-1
35,6,-1
40,6,-1
41,6,1
63,6,-1
71,6,-1
75,6,-1
78,6,1
84,6,1
100,6,1
13,7,1
20,7,-1
35,7,-1
50,7,1
57,7,1
60,7,1
65,7,-1
77,7,1
89,7,1
93,7,1
100,7,1
11,8,1
24,8,1
38,8,-1
40,8,-1
54,8,1
66,8,1
77,8,1
86,8,1
87,8,1
91,8,1
17,9,-1
39,9,1
41,9,1
42,9,1
60,9,1
80,9,-1
89,9,1
95,9,1
18,10,1
43,10,1
61,10,1
67,10,1
68,10,1
71,10,-1
75,10,-1
78,10,1
5,11,1
8,11,1
27,11,1
28,11,-1
38,11,-1
40,11,-1
47,11,-1
53,11,-1
72,11,1
74,11,1
77,11,1
81,11,1
86,11,1
87,11,1
91,11,1
3,12,1
30,12,1
31,12,1
48,12,1
53,12,-1
54,12,1
55,12,-1
62,12,1
69,12,1
80,12,-1
87,12,1
6,13,1
10,13,-1
23,13,1
31,13,1
35,13,-1
43,13,1
48,13,1
60,13,1
63,13,-1
75,13,-1
77,13,1
93,13,1
1,14,1
7,14,-1
22,14,1
25,14,1
44,14,-1
56,14,-1
57,14,1
60,14,1
93,14,1
94,14,1
98,14,1
22,15,1
26,15,-1
30,15,1
43,15,1
45,15,1
50,15,1
52,15,1
61,15,1
73,15,-1
99,15,1
17,16,-1
21,16,1
29,16,-1
33,16,1
39,16,1
42,16,1
58,16,1
59,16,-1
78,16,1
82,16,1
85,16,1
9,17,1
39,17,1
41,17,1
42,17,1
59,17,-1
80,17,-1
95,17,1
96,17,1
6,18,1
7,18,-1
10,18,-1
13,18,1
20,18,-1
36,18,1
57,18,1
63,18,-1
65,18,-1
66,18,1
67,18,1
70,18,1
71,18,-1
75,18,-1
78,18,1
90,18,1
10,19,-1
20,19,-1
24,19,1
35,19,-1
65,19,-1
71,19,-1
75,19,-1
6,20,1
10,20,-1
13,20,1
35,20,-1
41,20,1
57,20,1
63,20,-1
65,20,-1
66,20,1
67,20,1
75,20,-1
76,20,1
77,20,1
78,20,1
93,20,1
100,20,1
10,21,-1
19,21,1
58,21,1
65,21,-1
67,21,1
68,21,1
75,21,-1
80,21,-1
96,21,1
100,21,1
2,22,1
4,22,-1
14,22,1
15,22,-1
25,22,1
26,22,-1
29,22,-1
37,22,1
51,22,-1
57,22,1
62,22,1
94,22,1
99,22,1
1,23,1
2,23,1
11,23,1
28,23,-1
31,23,1
37,23,1
40,23,-1
49,23,1
50,23,1
54,23,1
62,23,1
72,23,1
74,23,1
76,23,1
82,23,1
90,23,1
96,23,1
98,23,1
99,23,1
3,24,1
25,24,1
27,24,1
33,24,1
34,24,1
36,24,1
38,24,-1
45,24,1
47,24,-1
72,24,1
83,24,1
91,24,1
97,24,-1
17,25,-1
26,25,-1
27,25,1
30,25,1
31,25,1
33,25,1
37,25,1
47,25,-1
51,25,-1
53,25,-1
56,25,-1
61,25,1
74,25,1
81,25,1
92,25,-1
94,25,1
2,26,1
4,26,-1
31,26,1
37,26,1
43,26,1
55,26,-1
68,26,1
73,26,-1
76,26,1
3,27,1
12,27,1
16,27,-1
24,27,1
30,27,1
33,27,1
36,27,1
38,27,-1
45,27,1
51,27,-1
53,27,-1
73,27,-1
81,27,1
86,27,1
88,27,1
89,27,1
1,28,1
8,28,1
11,28,1
12,28,1
23,28,1
30,28,1
33,28,1
40,28,-1
49,28,1
53,28,-1
74,28,1
92,28,-1
14,29,1
22,29,1
39,29,1
44,29,-1
49,29,1
61,29,1
62,29,1
69,29,1
81,29,1
84,29,1
85,29,1
95,29,1
1,30,1
5,30,1
49,30,1
52,30,1
53,30,-1
72,30,1
83,30,1
88,30,1
94,30,1
2,31,1
5,31,1
23,31,1
28,31,-1
30,31,1
37,31,1
38,31,-1
48,31,1
49,31,1
54,31,1
76,31,1
4,32,-1
37,32,1
39,32,1
43,32,1
61,32,1
67,32,1
73,32,-1
99,32,1
16,33,-1
17,33,-1
39,33,1
41,33,1
45,33,1
49,33,1
56,33,-1
62,33,1
69,33,1
91,33,1
94,33,1
96,33,1
11,34,1
14,34,1
15,34,-1
44,34,-1
45,34,1
47,34,-1
51,34,-1
72,34,1
81,34,1
93,34,1
98,34,1
6,35,1
12,35,1
13,35,1
21,35,1
41,35,1
65,35,-1
68,35,1
75,35,-1
78,35,1
80,35,-1
84,35,1
100,35,1
3,36,1
8,36,1
12,36,1
40,36,-1
47,36,-1
63,36,-1
91,36,1
2,37,1
5,37,1
22,37,1
25,37,1
26,37,-1
31,37,1
43,37,1
54,37,1
55,37,-1
61,37,1
99,37,1
11,38,1
36,38,1
81,38,1
86,38,1
87,38,1
9,39,1
17,39,-1
21,39,1
42,39,1
55,39,-1
56,39,-1
58,39,1
59,39,-1
68,39,1
70,39,1
73,39,-1
80,39,-1
82,39,1
85,39,1
89,39,1
96,39,1
99,39,1
5,40,1
8,40,1
10,40,-1
20,40,-1
28,40,-1
38,40,-1
47,40,-1
53,40,-1
54,40,1
64,40,1
69,40,1
72,40,1
76,40,1
90,40,1
91,40,1
17,41,-1
19,41,1
29,41,-1
35,41,-1
42,41,1
49,41,1
80,41,-1
95,41,1
98,41,1
17,42,-1
19,42,1
20,42,-1
35,42,-1
41,42,1
56,42,-1
58,42,1
59,42,-1
69,42,1
89,42,1
4,43,-1
10,43,-1
22,43,1
26,43,-1
32,43,1
35,43,-1
39,43,1
46,43,-1
50,43,1
52,43,1
55,43,-1
61,43,1
62,43,1
67,43,1
68,43,1
70,43,1
73,43,-1
99,43,1
14,44,1
22,44,1
29,44,-1
34,44,1
43,44,1
49,44,1
51,44,-1
57,44,1
62,44,1
79,44,-1
93,44,1
3,45,1
24,45,1
27,45,1
50,45,1
52,45,1
72,45,1
97,45,-1
4,46,-1
12,46,1
22,46,1
26,46,-1
29,46,-1
32,46,1
39,46,1
43,46,1
55,46,-1
62,46,1
64,46,1
69,46,1
85,46,1
99,46,1
2,47,1
8,47,1
10,47,-1
18,47,1
36,47,1
38,47,-1
66,47,1
72,47,1
77,47,1
81,47,1
83,47,1
91,47,1
12,48,1
53,48,-1
54,48,1
55,48,-1
65,48,-1
75,48,-1
86,48,1
87,48,1
1,49,1
5,49,1
25,49,1
30,49,1
33,49,1
52,49,1
56,49,-1
62,49,1
79,49,-1
83,49,1
84,49,1
85,49,1
88,49,1
92,49,-1
94,49,1
1,50,1
2,50,1
4,50,-1
15,50,-1
31,50,1
32,50,1
52,50,1
53,50,-1
61,50,1
74,50,1
93,50,1
14,51,1
29,51,-1
44,51,-1
57,51,1
62,51,1
75,51,-1
81,51,1
100,51,1
1,52,1
2,52,1
4,52,-1
15,52,-1
30,52,1
36,52,1
39,52,1
44,52,-1
45,52,1
73,52,-1
88,52,1
95,52,1
97,52,-1
98,52,1
3,53,1
12,53,1
17,53,-1
31,53,1
39,53,1
48,53,1
54,53,1
74,53,1
80,53,-1
87,53,1
92,53,-1
3,54,1
12,54,1
13,54,1
31,54,1
55,54,-1
64,54,1
74,54,1
76,54,1
82,54,1
87,54,1
90,54,1
12,55,1
43,55,1
46,55,-1
54,55,1
62,55,1
64,55,1
68,55,1
69,55,1
70,55,1
82,55,1
85,55,1
1,56,1
16,56,-1
30,56,1
41,56,1
42,56,1
49,56,1
68,56,1
78,56,1
83,56,1
89,56,1
92,56,-1
98,56,1
6,57,1
7,57,-1
13,57,1
14,57,1
22,57,1
44,57,-1
50,57,1
51,57,-1
60,57,1
61,57,1
78,57,1
79,57,-1
83,57,1
89,57,1
93,57,1
100,57,1
17,58,-1
19,58,1
21,58,1
35,58,-1
39,58,1
59,58,-1
65,58,-1
96,58,1
100,58,1
6,59,1
9,59,1
17,59,-1
19,59,1
21,59,1
39,59,1
41,59,1
42,59,1
65,59,-1
77,59,1
80,59,-1
89,59,1
95,59,1
96,59,1
98,59,1
10,60,-1
29,60,-1
36,60,1
38,60,-1
41,60,1
47,60,-1
50,60,1
57,60,1
78,60,1
79,60,-1
83,60,1
93,60,1
95,60,1
98,60,1
13,61,1
32,61,1
50,61,1
52,61,1
63,61,-1
70,61,1
73,61,-1
99,61,1
4,62,-1
14,62,1
29,62,-1
31,62,1
39,62,1
44,62,-1
54,62,1
85,62,1
94,62,1
18,63,1
32,63,1
43,63,1
66,63,1
67,63,1
70,63,1
71,63,-1
76,63,1
4,64,-1
8,64,1
10,64,-1
12,64,1
18,64,1
20,64,-1
26,64,-1
35,64,-1
43,64,1
46,64,-1
55,64,-1
62,64,1
63,64,-1
67,64,1
68,64,1
69,64,1
76,64,1
85,64,1
91,64,1
6,65,1
12,65,1
20,65,-1
21,65,1
35,65,-1
41,65,1
60,65,1
75,65,-1
80,65,-1
87,65,1
93,65,1
100,65,1
10,66,-1
18,66,1
35,66,-1
36,66,1
43,66,1
47,66,-1
63,66,-1
67,66,1
70,66,1
91,66,1
18,67,1
55,67,-1
61,67,1
63,67,-1
64,67,1
66,67,1
68,67,1
70,67,1
71,67,-1
78,67,1
82,67,1
10,68,-1
18,68,1
21,68,1
43,68,1
52,68,1
66,68,1
67,68,1
70,68,1
71,68,-1
78,68,1
8,69,1
16,69,-1
23,69,1
29,69,-1
50,69,1
54,69,1
55,69,-1
62,69,1
63,69,-1
64,69,1
76,69,1
82,69,1
84,69,1
85,69,1
90,69,1
10,70,-1
13,70,1
43,70,1
64,70,1
67,70,1
68,70,1
76,70,1
18,71,1
20,71,-1
21,71,1
58,71,1
64,71,1
65,71,-1
66,71,1
67,71,1
68,71,1
70,71,1
78,71,1
84,71,1
100,71,1
8,72,1
11,72,1
23,72,1
24,72,1
27,72,1
28,72,-1
33,72,1
38,72,-1
47,72,-1
50,72,1
53,72,-1
76,72,1
77,72,1
91,72,1
97,72,-1
4,73,-1
6,73,1
15,73,-1
34,73,1
43,73,1
45,73,1
50,73,1
61,73,1
81,73,1
89,73,1
99,73,1
1,74,1
2,74,1
5,74,1
12,74,1
14,74,1
23,74,1
28,74,-1
30,74,1
31,74,1
33,74,1
37,74,1
38,74,-1
40,74,-1
48,74,1
49,74,1
53,74,-1
87,74,1
92,74,-1
93,74,1
96,74,1
99,74,1
6,75,1
10,75,-1
21,75,1
35,75,-1
41,75,1
58,75,1
65,75,-1
78,75,1
84,75,1
100,75,1
2,76,1
6,76,1
8,76,1
18,76,1
23,76,1
37,76,1
40,76,-1
43,76,1
54,76,1
55,76,-1
63,76,-1
66,76,1
67,76,1
72,76,1
90,76,1
91,76,1
13,77,1
24,77,1
35,77,-1
38,77,-1
42,77,1
44,77,-1
60,77,1
66,77,1
86,77,1
93,77,1
6,78,1
7,78,-1
9,78,1
10,78,-1
13,78,1
17,78,-1
18,78,1
20,78,-1
63,78,-1
65,78,-1
67,78,1
70,78,1
71,78,-1
77,78,1
84,78,1
90,78,1
100,78,1
6,79,1
7,79,-1
14,79,1
17,79,-1
19,79,1
22,79,1
29,79,-1
44,79,-1
51,79,-1
57,79,1
60,79,1
61,79,1
62,79,1
77,79,1
84,79,1
93,79,1
95,79,1
100,79,1
9,80,1
17,80,-1
38,80,-1
41,80,1
48,80,1
65,80,-1
75,80,-1
4,81,-1
8,81,1
11,81,1
27,81,1
34,81,1
38,81,-1
44,81,-1
49,81,1
51,81,-1
61,81,1
62,81,1
69,81,1
72,81,1
73,81,-1
83,81,1
86,81,1
90,81,1
92,81,-1
94,81,1
100,81,1
13,82,1
23,82,1
31,82,1
53,82,-1
54,82,1
55,82,-1
62,82,1
64,82,1
69,82,1
76,82,1
85,82,1
87,82,1
1,83,1
27,83,1
30,83,1
36,83,1
42,83,1
52,83,1
73,83,-1
81,83,1
84,83,1
89,83,1
98,83,1
1,84,1
6,84,1
35,84,-1
41,84,1
57,84,1
83,84,1
90,84,1
95,84,1
29,85,-1
33,85,1
44,85,-1
55,85,-1
62,85,1
69,85,1
79,85,-1
82,85,1
84,85,1
3,86,1
8,86,1
9,86,1
24,86,1
25,86,1
27,86,1
30,86,1
36,86,1
38,86,-1
47,86,-1
60,86,1
72,86,1
89,86,1
95,86,1
97,86,-1
3,87,1
12,87,1
28,87,-1
31,87,1
35,87,-1
40,87,-1
48,87,1
53,87,-1
55,87,-1
64,87,1
69,87,1
74,87,1
1,88,1
3,88,1
4,88,-1
15,88,-1
30,88,1
45,88,1
52,88,1
56,88,-1
61,88,1
94,88,1
1,89,1
27,89,1
30,89,1
36,89,1
42,89,1
52,89,1
57,89,1
59,89,-1
60,89,1
83,89,1
98,89,1
7,90,-1
9,90,1
20,90,-1
35,90,-1
47,90,-1
66,90,1
72,90,1
8,91,1
11,91,1
28,91,-1
40,91,-1
69,91,1
72,91,1
77,91,1
1,92,1
5,92,1
14,92,1
25,92,1
30,92,1
33,92,1
37,92,1
49,92,1
50,92,1
56,92,-1
94,92,1
13,93,1
44,93,-1
48,93,1
51,93,-1
57,93,1
75,93,-1
79,93,-1
100,93,1
1,94,1
4,94,-1
5,94,1
25,94,1
27,94,1
29,94,-1
30,94,1
31,94,1
44,94,-1
49,94,1
50,94,1
51,94,-1
56,94,-1
67,94,1
73,94,-1
88,94,1
92,94,-1
99,94,1
6,95,1
9,95,1
17,95,-1
42,95,1
57,95,1
60,95,1
80,95,-1
83,95,1
89,95,1
98,95,1
9,96,1
11,96,1
14,96,1
16,96,-1
17,96,-1
23,96,1
28,96,-1
33,96,1
38,96,-1
39,96,1
41,96,1
58,96,1
59,96,-1
74,96,1
75,96,-1
78,96,1
91,96,1
1,97,1
3,97,1
15,97,-1
23,97,1
24,97,1
27,97,1
36,97,1
52,97,1
73,97,-1
83,97,1
89,97,1
91,97,1
98,97,1
1,98,1
9,98,1
15,98,-1
17,98,-1
19,98,1
30,98,1
42,98,1
44,98,-1
49,98,1
52,98,1
83,98,1
84,98,1
89,98,1
95,98,1
2,99,1
4,99,-1
14,99,1
25,99,1
26,99,-1
31,99,1
32,99,1
36,99,1
37,99,1
50,99,1
52,99,1
22,100,1
34,100,1
44,100,-1
48,100,1
57,100,1
65,100,-1
84,100,1
93,100,1
