10,1,1
12,1,1
27,1,1
32,1,1
35,1,1
38,1,1
50,1,1
64,1,-1
66,1,1
82,1,1
11,2,1
15,2,1
21,2,1
23,2,-1
27,2,1
34,2,1
47,2,1
49,2,-1
60,2,-1
73,2,1
74,2,-1
76,2,1
86,2,1
95,2,1
97,2,1
5,3,1
9,3,1
16,3,-1
25,3,1
55,3,1
62,3,1
63,3,1
71,3,1
90,3,-1
93,3,1
96,3,-1
18,4,1
20,4,1
24,4,1
31,4,-1
59,4,1
63,4,1
66,4,1
80,4,1
88,4,-1
100,4,1
24,5,1
29,5,-1
41,5,1
52,5,-1
56,5,1
59,5,1
96,5,-1
98,5,1
19,6,1
25,6,1
43,6,-1
53,6,1
56,6,1
67,6,1
78,6,1
82,6,1
92,6,1
94,6,-1
12,7,1
39,7,1
53,7,1
73,7,1
79,7,1
80,7,1
89,7,1
91,7,-1
92,7,1
12,8,1
18,8,1
19,8,1
27,8,1
34,8,1
37,8,1
38,8,1
71,8,1
78,8,1
83,8,1
4,9,1
11,9,1
16,9,-1
19,9,1
20,9,1
30,9,1
33,9,1
44,9,1
52,9,-1
54,9,1
55,9,1
61,9,1
70,9,-1
78,9,1
79,9,1
90,9,-1
93,9,1
95,9,1
5,10,1
24,10,1
68,10,1
83,10,1
84,10,1
87,10,1
95,10,1
99,10,1
2,11,-1
3,11,-1
7,11,1
10,11,1
16,11,-1
21,11,1
22,11,-1
52,11,-1
53,11,1
57,11,1
58,11,1
73,11,1
80,11,1
85,11,-1
89,11,1
92,11,1
1,12,1
9,12,1
13,12,1
30,12,1
33,12,1
38,12,1
39,12,1
44,12,1
48,12,1
62,12,1
67,12,1
73,12,1
77,12,-1
94,12,-1
100,12,1
8,13,1
10,13,1
12,13,1
26,13,1
38,13,1
51,13,-1
56,13,1
58,13,1
64,13,-1
66,13,1
71,13,1
80,13,1
90,13,-1
93,13,1
99,13,1
100,13,1
3,14,-1
5,14,1
29,14,-1
39,14,1
53,14,1
60,14,-1
72,14,1
83,14,1
90,14,-1
93,14,1
94,14,-1
100,14,1
2,15,-1
17,15,1
26,15,1
27,15,1
32,15,1
34,15,1
36,15,1
42,15,1
60,15,-1
61,15,1
62,15,1
66,15,1
83,15,1
91,15,-1
97,15,1
6,16,1
9,16,1
19,16,1
20,16,1
35,16,1
54,16,1
58,16,1
78,16,1
99,16,1
2,17,-1
18,17,1
30,17,1
32,17,1
35,17,1
48,17,1
55,17,1
60,17,-1
76,17,1
100,17,1
14,18,1
30,18,1
31,18,-1
46,18,-1
72,18,1
76,18,1
88,18,-1
90,18,-1
100,18,1
6,19,1
9,19,1
10,19,1
16,19,-1
20,19,1
27,19,1
34,19,1
35,19,1
77,19,-1
83,19,1
91,19,-1
95,19,1
1,20,1
2,20,-1
3,20,-1
6,20,1
35,20,1
66,20,1
67,20,1
71,20,1
79,20,1
88,20,-1
48,21,1
51,21,-1
60,21,-1
64,21,-1
75,21,1
82,21,1
85,21,-1
89,21,1
96,21,-1
6,22,1
7,22,1
47,22,1
53,22,1
54,22,1
67,22,1
70,22,-1
84,22,1
85,22,-1
94,22,-1
98,22,1
2,23,-1
13,23,1
29,23,-1
34,23,1
37,23,1
38,23,1
54,23,1
65,23,1
73,23,1
75,23,1
78,23,1
90,23,-1
97,23,1
98,23,1
1,24,1
2,24,-1
11,24,1
28,24,1
40,24,1
45,24,1
47,24,1
53,24,1
61,24,1
68,24,1
74,24,-1
75,24,1
79,24,1
87,24,1
92,24,1
100,24,1
30,25,1
46,25,-1
49,25,-1
59,25,1
65,25,1
70,25,-1
78,25,1
90,25,-1
97,25,1
99,25,1
1,26,1
2,26,-1
19,26,1
20,26,1
27,26,1
49,26,-1
50,26,1
67,26,1
71,26,1
76,26,1
82,26,1
87,26,1
95,26,1
14,27,1
16,27,-1
19,27,1
25,27,1
39,27,1
42,27,1
59,27,1
60,27,-1
83,27,1
99,27,1
1,28,1
4,28,1
7,28,1
24,28,1
34,28,1
54,28,1
57,28,1
73,28,1
79,28,1
92,28,1
5,29,1
14,29,1
24,29,1
30,29,1
41,29,1
61,29,1
67,29,1
68,29,1
98,29,1
6,30,1
15,30,1
20,30,1
47,30,1
50,30,1
69,30,1
74,30,-1
76,30,1
84,30,1
90,30,-1
93,30,1
8,31,1
9,31,1
18,31,1
19,31,1
21,31,1
34,31,1
57,31,1
60,31,-1
66,31,1
83,31,1
88,31,-1
100,31,1
15,32,1
17,32,1
22,32,-1
24,32,1
34,32,1
35,32,1
36,32,1
55,32,1
68,32,1
83,32,1
23,33,-1
25,33,1
30,33,1
39,33,1
41,33,1
43,33,-1
54,33,1
55,33,1
56,33,1
57,33,1
74,33,-1
88,33,-1
90,33,-1
97,33,1
99,33,1
2,34,-1
10,34,1
16,34,-1
23,34,-1
27,34,1
37,34,1
42,34,1
45,34,1
73,34,1
75,34,1
87,34,1
90,34,-1
97,34,1
99,34,1
1,35,1
9,35,1
13,35,1
16,35,-1
19,35,1
64,35,-1
66,35,1
68,35,1
82,35,1
100,35,1
11,36,1
13,36,1
22,36,-1
24,36,1
41,36,1
53,36,1
61,36,1
78,36,1
38,37,1
40,37,1
42,37,1
54,37,1
58,37,1
61,37,1
63,37,1
66,37,1
75,37,1
76,37,1
10,38,1
11,38,1
21,38,1
23,38,-1
30,38,1
34,38,1
49,38,-1
65,38,1
70,38,-1
74,38,-1
86,38,1
100,38,1
3,39,-1
5,39,1
10,39,1
12,39,1
13,39,1
14,39,1
16,39,-1
18,39,1
25,39,1
29,39,-1
30,39,1
44,39,1
61,39,1
62,39,1
65,39,1
90,39,-1
93,39,1
12,40,1
30,40,1
37,40,1
41,40,1
52,40,-1
61,40,1
75,40,1
80,40,1
87,40,1
90,40,-1
95,40,1
5,41,1
14,41,1
29,41,-1
30,41,1
35,41,1
53,41,1
72,41,1
80,41,1
91,41,-1
93,41,1
98,41,1
1,42,1
8,42,1
25,42,1
30,42,1
32,42,1
36,42,1
37,42,1
40,42,1
43,42,-1
46,42,-1
49,42,-1
59,42,1
63,42,1
68,42,1
99,42,1
1,43,1
4,43,1
10,43,1
25,43,1
27,43,1
63,43,1
65,43,1
68,43,1
82,43,1
99,43,1
2,44,-1
5,44,1
14,44,1
29,44,-1
39,44,1
56,44,1
63,44,1
88,44,-1
96,44,-1
100,44,1
9,45,1
10,45,1
11,45,1
12,45,1
28,45,1
37,45,1
38,45,1
40,45,1
47,45,1
48,45,1
52,45,-1
61,45,1
74,45,-1
86,45,1
87,45,1
90,45,-1
1,46,1
12,46,1
18,46,1
22,46,-1
26,46,1
48,46,1
51,46,-1
67,46,1
87,46,1
7,47,1
17,47,1
18,47,1
20,47,1
21,47,1
48,47,1
49,47,-1
51,47,-1
53,47,1
54,47,1
60,47,-1
79,47,1
84,47,1
85,47,-1
86,47,1
1,48,1
2,48,-1
4,48,1
30,48,1
38,48,1
47,48,1
51,48,-1
52,48,-1
53,48,1
60,48,-1
76,48,1
81,48,1
84,48,1
88,48,-1
97,48,1
25,49,1
48,49,1
51,49,-1
60,49,-1
76,49,1
90,49,-1
97,49,1
7,50,1
12,50,1
17,50,1
18,50,1
20,50,1
35,50,1
40,50,1
41,50,1
46,50,-1
73,50,1
76,50,1
80,50,1
82,50,1
92,50,1
98,50,1
17,51,1
21,51,1
30,51,1
31,51,-1
42,51,1
46,51,-1
48,51,1
57,51,1
61,51,1
76,51,1
79,51,1
81,51,1
84,51,1
100,51,1
9,52,1
10,52,1
19,52,1
31,52,-1
53,52,1
56,52,1
62,52,1
21,53,1
22,53,-1
29,53,-1
30,53,1
32,53,1
36,53,1
40,53,1
47,53,1
69,53,1
73,53,1
76,53,1
83,53,1
84,53,1
85,53,-1
86,53,1
8,54,1
11,54,1
23,54,-1
34,54,1
36,54,1
51,54,-1
79,54,1
85,54,-1
97,54,1
22,55,-1
32,55,1
41,55,1
45,55,1
47,55,1
56,55,1
57,55,1
63,55,1
68,55,1
86,55,1
90,55,-1
93,55,1
5,56,1
22,56,-1
26,56,1
29,56,-1
31,56,-1
41,56,1
51,56,-1
57,56,1
67,56,1
80,56,1
86,56,1
90,56,-1
94,56,-1
96,56,-1
98,56,1
4,57,1
9,57,1
33,57,1
36,57,1
52,57,-1
54,57,1
70,57,-1
74,57,-1
79,57,1
88,57,-1
21,58,1
22,58,-1
23,58,-1
36,58,1
54,58,1
67,58,1
78,58,1
85,58,-1
2,59,-1
4,59,1
15,59,1
28,59,1
42,59,1
43,59,-1
48,59,1
49,59,-1
68,59,1
75,59,1
2,60,-1
18,60,1
30,60,1
48,60,1
49,60,-1
52,60,-1
76,60,1
77,60,-1
82,60,1
83,60,1
95,60,1
7,61,1
11,61,1
14,61,1
28,61,1
30,61,1
40,61,1
50,61,1
54,61,1
78,61,1
79,61,1
82,61,1
83,61,1
85,61,-1
91,61,-1
9,62,1
10,62,1
13,62,1
16,62,-1
17,62,1
23,62,-1
28,62,1
35,62,1
39,62,1
44,62,1
65,62,1
84,62,1
87,62,1
93,62,1
99,62,1
4,63,1
34,63,1
43,63,-1
67,63,1
90,63,-1
96,63,-1
16,64,-1
44,64,1
46,64,-1
51,64,-1
66,64,1
71,64,1
75,64,1
81,64,1
82,64,1
92,64,1
1,65,1
6,65,1
9,65,1
16,65,-1
19,65,1
22,65,-1
27,65,1
35,65,1
54,65,1
55,65,1
58,65,1
72,65,1
78,65,1
90,65,-1
4,66,1
7,66,1
12,66,1
34,66,1
50,66,1
63,66,1
82,66,1
97,66,1
13,67,1
22,67,-1
32,67,1
55,67,1
56,67,1
61,67,1
81,67,1
94,67,-1
96,67,-1
1,68,1
4,68,1
13,68,1
32,68,1
36,68,1
62,68,1
65,68,1
72,68,1
84,68,1
87,68,1
6,69,1
14,69,1
60,69,-1
72,69,1
82,69,1
83,69,1
94,69,-1
98,69,1
7,70,1
11,70,1
19,70,1
52,70,-1
57,70,1
73,70,1
74,70,-1
82,70,1
89,70,1
90,70,-1
96,70,-1
3,71,-1
13,71,1
25,71,1
26,71,1
46,71,-1
49,71,-1
51,71,-1
63,71,1
67,71,1
14,72,1
18,72,1
41,72,1
93,72,1
7,73,1
13,73,1
15,73,1
22,73,-1
87,73,1
89,73,1
92,73,1
20,74,1
25,74,1
30,74,1
55,74,1
80,74,1
85,74,-1
90,74,-1
95,74,1
2,75,-1
11,75,1
28,75,1
39,75,1
42,75,1
44,75,1
62,75,1
66,75,1
68,75,1
73,75,1
80,75,1
87,75,1
89,75,1
95,75,1
1,76,1
8,76,1
18,76,1
25,76,1
31,76,-1
32,76,1
46,76,-1
48,76,1
49,76,-1
51,76,-1
59,76,1
72,76,1
83,76,1
84,76,1
96,76,-1
100,76,1
5,77,1
7,77,1
14,77,1
17,77,1
19,77,1
21,77,1
27,77,1
45,77,1
48,77,1
52,77,-1
60,77,-1
61,77,1
82,77,1
88,77,-1
95,77,1
5,78,1
16,78,-1
22,78,-1
34,78,1
37,78,1
38,78,1
42,78,1
43,78,-1
54,78,1
58,78,1
63,78,1
65,78,1
67,78,1
71,78,1
79,78,1
85,78,-1
99,78,1
9,79,1
11,79,1
16,79,-1
31,79,-1
45,79,1
48,79,1
50,79,1
52,79,-1
57,79,1
61,79,1
62,79,1
65,79,1
87,79,1
92,79,1
30,80,1
36,80,1
37,80,1
40,80,1
56,80,1
66,80,1
72,80,1
86,80,1
94,80,-1
95,80,1
12,81,1
13,81,1
22,81,-1
53,81,1
56,81,1
71,81,1
94,81,-1
7,82,1
19,82,1
20,82,1
24,82,1
25,82,1
30,82,1
48,82,1
64,82,-1
65,82,1
74,82,-1
92,82,1
9,83,1
11,83,1
14,83,1
18,83,1
26,83,1
30,83,1
31,83,-1
34,83,1
36,83,1
49,83,-1
52,83,-1
59,83,1
60,83,-1
69,83,1
72,83,1
76,83,1
81,83,1
96,83,-1
12,84,1
17,84,1
24,84,1
29,84,-1
44,84,1
45,84,1
46,84,-1
47,84,1
48,84,1
51,84,-1
75,84,1
86,84,1
7,85,1
11,85,1
21,85,1
22,85,-1
30,85,1
36,85,1
47,85,1
58,85,1
70,85,-1
73,85,1
89,85,1
90,85,-1
92,85,1
95,85,1
7,86,1
12,86,1
17,86,1
32,86,1
36,86,1
37,86,1
44,86,1
45,86,1
47,86,1
53,86,1
55,86,1
59,86,1
73,86,1
81,86,1
85,86,-1
92,86,1
11,87,1
13,87,1
17,87,1
28,87,1
35,87,1
36,87,1
61,87,1
91,87,-1
100,87,1
4,88,1
11,88,1
29,88,-1
40,88,1
52,88,-1
56,88,1
60,88,-1
63,88,1
79,88,1
80,88,1
82,88,1
96,88,-1
7,89,1
12,89,1
16,89,-1
22,89,-1
47,89,1
50,89,1
62,89,1
73,89,1
74,89,-1
79,89,1
87,89,1
91,89,-1
97,89,1
17,90,1
25,90,1
38,90,1
39,90,1
47,90,1
55,90,1
74,90,-1
78,90,1
89,90,1
7,91,1
21,91,1
28,91,1
31,91,-1
40,91,1
52,91,-1
53,91,1
64,91,-1
73,91,1
75,91,1
77,91,-1
82,91,1
85,91,-1
87,91,1
88,91,-1
92,91,1
93,91,1
11,92,1
21,92,1
53,92,1
61,92,1
85,92,-1
87,92,1
91,92,-1
3,93,-1
17,93,1
20,93,1
33,93,1
41,93,1
50,93,1
68,93,1
72,93,1
3,94,-1
5,94,1
6,94,1
13,94,1
26,94,1
45,94,1
46,94,-1
48,94,1
51,94,-1
53,94,1
55,94,1
56,94,1
57,94,1
71,94,1
72,94,1
78,94,1
81,94,1
86,94,1
2,95,-1
11,95,1
20,95,1
27,95,1
83,95,1
93,95,1
94,95,-1
11,96,1
50,96,1
51,96,-1
52,96,-1
56,96,1
57,96,1
71,96,1
72,96,1
83,96,1
88,96,-1
98,96,1
1,97,1
2,97,-1
11,97,1
15,97,1
23,97,-1
26,97,1
38,97,1
43,97,-1
47,97,1
70,97,-1
73,97,1
75,97,1
89,97,1
90,97,-1
26,98,1
53,98,1
68,98,1
72,98,1
80,98,1
83,98,1
93,98,1
9,99,1
16,99,-1
36,99,1
43,99,-1
59,99,1
62,99,1
68,99,1
81,99,1
86,99,1
1,100,1
8,100,1
18,100,1
30,100,1
39,100,1
46,100,-1
48,100,1
64,100,-1
66,100,1
76,100,1
82,100,1
88,100,-1
