2,1,-1
8,1,-1
21,1,1
24,1,1
27,1,1
36,1,1
57,1,1
59,1,1
62,1,1
72,1,1
74,1,1
77,1,1
85,1,1
88,1,1
4,2,1
8,2,-1
20,2,1
30,2,1
42,2,1
43,2,1
45,2,1
49,2,1
50,2,1
59,2,1
61,2,1
62,2,1
74,2,1
77,2,1
88,2,1
97,2,1
49,3,1
75,3,1
89,3,1
93,3,1
95,3,1
12,4,-1
21,4,1
40,4,1
42,4,1
44,4,1
47,4,-1
58,4,1
70,4,-1
74,4,1
78,4,-1
80,4,1
92,4,1
95,4,1
96,4,-1
99,4,1
100,4,-1
15,5,1
18,5,-1
22,5,1
25,5,1
26,5,-1
38,5,-1
39,5,1
54,5,1
62,5,1
97,5,1
13,6,1
52,6,1
54,6,1
56,6,-1
57,6,1
60,6,1
61,6,1
63,6,1
64,6,-1
73,6,1
76,6,1
83,6,1
100,6,-1
14,7,1
15,7,1
16,7,-1
22,7,1
52,7,1
68,7,1
80,7,1
84,7,1
92,7,1
4,8,1
10,8,1
15,8,1
16,8,-1
23,8,-1
31,8,1
42,8,1
57,8,1
62,8,1
72,8,1
85,8,1
88,8,1
99,8,1
7,9,1
14,9,1
22,9,1
29,9,-1
38,9,-1
67,9,-1
84,9,1
86,9,1
89,9,1
95,9,1
4,10,1
21,10,1
31,10,1
35,10,-1
42,10,1
58,10,1
72,10,1
74,10,1
88,10,1
5,11,1
6,11,1
37,11,1
55,11,1
61,11,1
62,11,1
66,11,-1
75,11,1
90,11,-1
93,11,1
14,12,1
28,12,1
30,12,1
40,12,1
47,12,-1
70,12,-1
79,12,1
80,12,1
92,12,1
95,12,1
11,13,1
30,13,1
32,13,1
37,13,1
54,13,1
55,13,1
56,13,-1
60,13,1
61,13,1
63,13,1
64,13,-1
73,13,1
75,13,1
100,13,-1
9,14,1
24,14,1
40,14,1
67,14,-1
68,14,1
78,14,-1
86,14,1
89,14,1
95,14,1
7,15,1
11,15,1
16,15,-1
19,15,-1
22,15,1
25,15,1
26,15,-1
48,15,1
65,15,1
68,15,1
75,15,1
84,15,1
92,15,1
94,15,1
4,16,1
6,16,1
7,16,1
15,16,1
29,16,-1
32,16,1
52,16,1
54,16,1
57,16,1
64,16,-1
84,16,1
12,17,-1
28,17,1
29,17,-1
30,17,1
32,17,1
65,17,1
80,17,1
92,17,1
6,18,1
12,18,-1
17,18,1
22,18,1
27,18,1
29,18,-1
31,18,1
56,18,-1
57,18,1
64,18,-1
70,18,-1
79,18,1
83,18,1
96,18,-1
4,19,1
7,19,1
9,19,1
21,19,1
29,19,-1
34,19,1
46,19,-1
78,19,-1
79,19,1
82,19,1
96,19,-1
2,20,-1
3,20,1
6,20,1
40,20,1
43,20,1
45,20,1
67,20,-1
69,20,1
74,20,1
75,20,1
81,20,1
90,20,-1
95,20,1
100,20,-1
2,21,-1
8,21,-1
10,21,1
36,21,1
42,21,1
45,21,1
58,21,1
69,21,1
73,21,1
74,21,1
76,21,1
88,21,1
7,22,1
14,22,1
15,22,1
16,22,-1
19,22,-1
25,22,1
38,22,-1
64,22,-1
68,22,1
84,22,1
89,22,1
92,22,1
1,23,1
6,23,1
10,23,1
24,23,1
26,23,-1
31,23,1
40,23,1
52,23,1
53,23,1
60,23,1
62,23,1
72,23,1
79,23,1
81,23,1
100,23,-1
1,24,1
2,24,-1
6,24,1
27,24,1
31,24,1
56,24,-1
57,24,1
59,24,1
62,24,1
74,24,1
77,24,1
83,24,1
87,24,1
91,24,1
3,25,1
5,25,1
7,25,1
11,25,1
22,25,1
38,25,-1
39,25,1
41,25,1
42,25,1
66,25,-1
68,25,1
75,25,1
86,25,1
97,25,1
16,26,-1
19,26,-1
22,26,1
44,26,1
46,26,-1
49,26,1
50,26,1
57,26,1
62,26,1
89,26,1
97,26,1
2,27,-1
6,27,1
16,27,-1
18,27,-1
52,27,1
56,27,-1
57,27,1
83,27,1
13,28,1
17,28,1
24,28,1
30,28,1
31,28,1
32,28,1
48,28,1
51,28,1
59,28,1
77,28,1
82,28,1
85,28,1
87,28,1
100,28,-1
14,29,1
18,29,-1
19,29,-1
31,29,1
33,29,1
72,29,1
73,29,1
78,29,-1
91,29,1
99,29,1
17,30,1
28,30,1
36,30,1
47,30,-1
51,30,1
59,30,1
62,30,1
74,30,1
76,30,1
87,30,1
98,30,-1
18,31,-1
23,31,-1
24,31,1
32,31,1
42,31,1
52,31,1
56,31,-1
58,31,1
83,31,1
85,31,1
91,31,1
96,31,-1
12,32,-1
15,32,1
17,32,1
30,32,1
37,32,1
62,32,1
3,33,1
9,33,1
10,33,1
19,33,-1
21,33,1
29,33,-1
37,33,1
72,33,1
75,33,1
82,33,1
85,33,1
88,33,1
93,33,1
10,34,1
19,34,-1
21,34,1
33,34,1
35,34,-1
36,34,1
37,34,1
42,34,1
72,34,1
82,34,1
88,34,1
90,34,-1
1,35,1
21,35,1
34,35,1
36,35,1
42,35,1
55,35,1
76,35,1
88,35,1
1,36,1
2,36,-1
4,36,1
8,36,-1
10,36,1
21,36,1
28,36,1
34,36,1
35,36,-1
69,36,1
70,36,-1
74,36,1
76,36,1
80,36,1
88,36,1
92,36,1
3,37,1
6,37,1
11,37,1
13,37,1
31,37,1
35,37,-1
41,37,1
46,37,-1
55,37,1
59,37,1
63,37,1
71,37,-1
73,37,1
75,37,1
14,38,1
19,38,-1
22,38,1
25,38,1
26,38,-1
29,38,-1
39,38,1
42,38,1
47,38,-1
53,38,1
62,38,1
97,38,1
3,39,1
5,39,1
11,39,1
22,39,1
25,39,1
26,39,-1
38,39,-1
64,39,-1
65,39,1
66,39,-1
93,39,1
14,40,1
20,40,1
22,40,1
38,40,-1
41,40,1
43,40,1
44,40,1
50,40,1
53,40,1
70,40,-1
75,40,1
78,40,-1
79,40,1
81,40,1
84,40,1
86,40,1
89,40,1
95,40,1
100,40,-1
13,41,1
19,41,-1
26,41,-1
29,41,-1
38,41,-1
43,41,1
46,41,-1
49,41,1
50,41,1
53,41,1
55,41,1
71,41,-1
96,41,-1
97,41,1
99,41,1
1,42,1
4,42,1
9,42,1
10,42,1
11,42,1
18,42,-1
21,42,1
36,42,1
38,42,-1
39,42,1
66,42,-1
69,42,1
74,42,1
90,42,-1
92,42,1
95,42,1
2,43,-1
3,43,1
20,43,1
40,43,1
59,43,1
67,43,-1
75,43,1
81,43,1
84,43,1
89,43,1
95,43,1
98,43,-1
100,43,-1
23,44,-1
47,44,-1
49,44,1
53,44,1
58,44,1
70,44,-1
80,44,1
2,45,-1
20,45,1
21,45,1
34,45,1
40,45,1
43,45,1
50,45,1
65,45,1
69,45,1
74,45,1
76,45,1
77,45,1
82,45,1
89,45,1
97,45,1
3,46,1
11,46,1
26,46,-1
33,46,1
41,46,1
49,46,1
50,46,1
55,46,1
59,46,1
66,46,-1
78,46,-1
87,46,1
88,46,1
90,46,-1
97,46,1
4,47,1
17,47,1
30,47,1
32,47,1
44,47,1
51,47,1
53,47,1
70,47,-1
74,47,1
77,47,1
79,47,1
80,47,1
98,47,-1
2,48,-1
13,48,1
16,48,-1
20,48,1
30,48,1
32,48,1
47,48,-1
49,48,1
59,48,1
84,48,1
85,48,1
87,48,1
19,49,-1
26,49,-1
42,49,1
46,49,-1
50,49,1
51,49,1
59,49,1
75,49,1
76,49,1
87,49,1
17,50,1
26,50,-1
30,50,1
46,50,-1
49,50,1
59,50,1
65,50,1
77,50,1
87,50,1
93,50,1
97,50,1
98,50,-1
2,51,-1
17,51,1
20,51,1
30,51,1
46,51,-1
48,51,1
49,51,1
50,51,1
59,51,1
71,51,-1
72,51,1
76,51,1
87,51,1
98,51,-1
6,52,1
18,52,-1
23,52,-1
27,52,1
29,52,-1
54,52,1
60,52,1
62,52,1
4,53,1
12,53,-1
23,53,-1
40,53,1
44,53,1
47,53,-1
58,53,1
70,53,-1
74,53,1
78,53,-1
79,53,1
80,53,1
81,53,1
98,53,-1
6,54,1
11,54,1
13,54,1
16,54,-1
18,54,-1
37,54,1
39,54,1
42,54,1
55,54,1
58,54,1
60,54,1
61,54,1
63,54,1
64,54,-1
66,54,-1
75,54,1
83,54,1
84,54,1
90,54,-1
92,54,1
100,54,-1
5,55,1
11,55,1
13,55,1
19,55,-1
37,55,1
39,55,1
60,55,1
64,55,-1
75,55,1
90,55,-1
96,55,-1
1,56,1
6,56,1
13,56,1
24,56,1
27,56,1
37,56,1
52,56,1
57,56,1
64,56,-1
71,56,-1
76,56,1
83,56,1
91,56,1
6,57,1
24,57,1
31,57,1
64,57,-1
83,57,1
85,57,1
91,57,1
17,58,1
42,58,1
47,58,-1
52,58,1
70,58,-1
73,58,1
78,58,-1
79,58,1
80,58,1
92,58,1
3,59,1
9,59,1
17,59,1
24,59,1
30,59,1
32,59,1
48,59,1
49,59,1
50,59,1
51,59,1
74,59,1
85,59,1
87,59,1
88,59,1
6,60,1
11,60,1
28,60,1
37,60,1
52,60,1
54,60,1
63,60,1
73,60,1
90,60,-1
13,61,1
16,61,-1
18,61,-1
27,61,1
52,61,1
56,61,-1
57,61,1
60,61,1
64,61,-1
65,61,1
73,61,1
83,61,1
10,62,1
17,62,1
22,62,1
23,62,-1
25,62,1
28,62,1
29,62,-1
31,62,1
37,62,1
50,62,1
69,62,1
72,62,1
11,63,1
13,63,1
21,63,1
37,63,1
48,63,1
54,63,1
55,63,1
58,63,1
60,63,1
66,63,-1
73,63,1
75,63,1
76,63,1
85,63,1
93,63,1
6,64,1
18,64,-1
24,64,1
27,64,1
54,64,1
57,64,1
61,64,1
71,64,-1
83,64,1
100,64,-1
5,65,1
8,65,-1
10,65,1
17,65,1
25,65,1
26,65,-1
32,65,1
36,65,1
59,65,1
62,65,1
72,65,1
74,65,1
82,65,1
85,65,1
86,65,1
89,65,1
94,65,1
97,65,1
3,66,1
5,66,1
10,66,1
11,66,1
13,66,1
25,66,1
37,66,1
39,66,1
49,66,1
55,66,1
60,66,1
73,66,1
75,66,1
90,66,-1
93,66,1
3,67,1
9,67,1
33,67,1
43,67,1
59,67,1
65,67,1
75,67,1
86,67,1
89,67,1
95,67,1
4,68,1
5,68,1
7,68,1
9,68,1
14,68,1
15,68,1
16,68,-1
19,68,-1
22,68,1
26,68,-1
38,68,-1
40,68,1
48,68,1
49,68,1
64,68,-1
78,68,-1
80,68,1
84,68,1
92,68,1
2,69,-1
21,69,1
34,69,1
38,69,-1
45,69,1
74,69,1
86,69,1
89,69,1
95,69,1
4,70,1
10,70,1
12,70,-1
16,70,-1
17,70,1
30,70,1
40,70,1
44,70,1
47,70,-1
58,70,1
68,70,1
78,70,-1
79,70,1
80,70,1
91,70,1
95,70,1
96,70,-1
6,71,1
11,71,1
13,71,1
41,71,1
45,71,1
53,71,1
54,71,1
55,71,1
57,71,1
61,71,1
79,71,1
82,71,1
91,71,1
94,71,1
96,71,-1
100,71,-1
1,72,1
3,72,1
21,72,1
24,72,1
31,72,1
32,72,1
33,72,1
59,72,1
82,72,1
88,72,1
99,72,1
52,73,1
58,73,1
61,73,1
63,73,1
1,74,1
2,74,-1
4,74,1
8,74,-1
21,74,1
36,74,1
69,74,1
72,74,1
77,74,1
86,74,1
88,74,1
95,74,1
11,75,1
13,75,1
33,75,1
55,75,1
66,75,-1
90,75,-1
93,75,1
96,75,-1
2,76,-1
17,76,1
34,76,1
35,76,-1
36,76,1
44,76,1
48,76,1
49,76,1
74,76,1
88,76,1
20,77,1
21,77,1
24,77,1
42,77,1
48,77,1
59,77,1
74,77,1
76,77,1
85,77,1
87,77,1
29,78,-1
32,78,1
33,78,1
34,78,1
37,78,1
63,78,1
73,78,1
79,78,1
82,78,1
86,78,1
96,78,-1
99,78,1
4,79,1
12,79,-1
17,79,1
31,79,1
40,79,1
44,79,1
53,79,1
58,79,1
70,79,-1
75,79,1
80,79,1
81,79,1
92,79,1
94,79,1
1,80,1
4,80,1
12,80,-1
30,80,1
47,80,-1
58,80,1
70,80,-1
76,80,1
92,80,1
96,80,-1
6,81,1
20,81,1
23,81,-1
40,81,1
44,81,1
52,81,1
53,81,1
57,81,1
71,81,-1
100,81,-1
9,82,1
29,82,-1
33,82,1
41,82,1
70,82,-1
71,82,-1
78,82,-1
92,82,1
94,82,1
96,82,-1
99,82,1
6,83,1
13,83,1
18,83,-1
24,83,1
27,83,1
31,83,1
52,83,1
56,83,-1
57,83,1
58,83,1
64,83,-1
77,83,1
91,83,1
7,84,1
14,84,1
15,84,1
16,84,-1
19,84,-1
22,84,1
26,84,-1
40,84,1
41,84,1
64,84,-1
67,84,-1
68,84,1
70,84,-1
89,84,1
92,84,1
95,84,1
98,84,-1
100,84,-1
1,85,1
23,85,-1
24,85,1
35,85,-1
37,85,1
38,85,-1
53,85,1
56,85,-1
57,85,1
59,85,1
72,85,1
74,85,1
77,85,1
83,85,1
88,85,1
100,85,-1
23,86,-1
32,86,1
38,86,-1
40,86,1
42,86,1
74,86,1
84,86,1
85,86,1
89,86,1
95,86,1
1,87,1
30,87,1
46,87,-1
47,87,-1
49,87,1
50,87,1
51,87,1
59,87,1
76,87,1
98,87,-1
1,88,1
3,88,1
4,88,1
21,88,1
33,88,1
34,88,1
36,88,1
65,88,1
72,88,1
74,88,1
75,88,1
5,89,1
7,89,1
14,89,1
38,89,-1
40,89,1
43,89,1
67,89,-1
68,89,1
84,89,1
86,89,1
95,89,1
4,90,1
11,90,1
13,90,1
19,90,-1
35,90,-1
66,90,-1
75,90,1
76,90,1
93,90,1
6,91,1
18,91,-1
24,91,1
29,91,-1
31,91,1
37,91,1
56,91,-1
77,91,1
78,91,-1
83,91,1
85,91,1
96,91,-1
4,92,1
8,92,-1
15,92,1
47,92,-1
53,92,1
58,92,1
75,92,1
79,92,1
80,92,1
93,92,1
3,93,1
13,93,1
25,93,1
33,93,1
37,93,1
49,93,1
59,93,1
66,93,-1
75,93,1
5,94,1
11,94,1
19,94,-1
41,94,1
45,94,1
55,94,1
57,94,1
65,94,1
71,94,-1
75,94,1
82,94,1
97,94,1
9,95,1
14,95,1
33,95,1
40,95,1
43,95,1
67,95,-1
68,95,1
75,95,1
89,95,1
100,95,-1
12,96,-1
15,96,1
29,96,-1
41,96,1
53,96,1
70,96,-1
71,96,-1
79,96,1
82,96,1
91,96,1
94,96,1
99,96,1
5,97,1
16,97,-1
26,97,-1
39,97,1
45,97,1
46,97,-1
48,97,1
49,97,1
50,97,1
51,97,1
65,97,1
68,97,1
69,97,1
89,97,1
94,97,1
17,98,1
20,98,1
23,98,-1
30,98,1
40,98,1
44,98,1
47,98,-1
51,98,1
19,99,-1
21,99,1
29,99,-1
33,99,1
34,99,1
36,99,1
75,99,1
78,99,-1
82,99,1
88,99,1
91,99,1
94,99,1
96,99,-1
100,99,-1
6,100,1
16,100,-1
20,100,1
40,100,1
43,100,1
54,100,1
60,100,1
64,100,-1
67,100,-1
81,100,1
83,100,1
