7,1,1
9,1,1
16,1,1
18,1,1
19,1,1
33,1,-1
40,1,1
45,1,1
47,1,1
61,1,-1
64,1,1
78,1,1
82,1,-1
86,1,-1
87,1,1
14,2,1
22,2,1
23,2,1
35,2,1
63,2,1
65,2,1
70,2,1
82,2,-1
83,2,1
91,2,-1
92,2,-1
93,2,1
11,3,1
13,3,1
32,3,1
37,3,1
52,3,1
60,3,1
67,3,1
68,3,-1
78,3,1
88,3,1
90,3,1
100,3,1
5,4,1
10,4,1
13,4,1
15,4,1
18,4,1
19,4,1
43,4,1
59,4,1
64,4,1
70,4,1
77,4,1
81,4,1
95,4,1
98,4,1
17,5,1
19,5,1
39,5,1
51,5,1
77,5,1
80,5,1
81,5,1
3,6,1
13,6,1
18,6,1
20,6,1
22,6,1
32,6,1
36,6,1
41,6,1
75,6,1
83,6,1
87,6,1
94,6,1
99,6,-1
9,7,1
20,7,1
31,7,1
38,7,-1
41,7,1
44,7,1
54,7,-1
60,7,1
69,7,1
70,7,1
73,7,1
89,7,1
12,8,1
17,8,1
21,8,1
28,8,1
34,8,1
35,8,1
48,8,1
49,8,1
50,8,1
53,8,1
62,8,1
71,8,-1
79,8,1
89,8,1
90,8,1
93,8,1
1,9,1
6,9,1
7,9,1
16,9,1
19,9,1
27,9,1
32,9,1
40,9,1
42,9,-1
44,9,1
60,9,1
69,9,1
78,9,1
4,10,1
15,10,1
19,10,1
20,10,1
40,10,1
43,10,1
51,10,1
58,10,1
59,10,1
60,10,1
64,10,1
80,10,1
91,10,-1
97,10,1
98,10,1
13,11,1
36,11,1
37,11,1
40,11,1
47,11,1
61,11,-1
68,11,-1
71,11,-1
73,11,1
74,11,1
84,11,-1
34,12,1
35,12,1
44,12,1
56,12,1
58,12,1
65,12,1
66,12,1
79,12,1
3,13,1
11,13,1
32,13,1
36,13,1
37,13,1
68,13,-1
70,13,1
71,13,-1
74,13,1
84,13,-1
88,13,1
2,14,-1
12,14,1
22,14,1
23,14,1
35,14,1
59,14,1
65,14,1
66,14,1
70,14,1
80,14,1
81,14,1
83,14,1
2,15,-1
4,15,1
10,15,1
19,15,1
29,15,1
51,15,1
66,15,1
70,15,1
95,15,1
98,15,1
1,16,1
9,16,1
10,16,1
27,16,1
33,16,-1
40,16,1
57,16,1
60,16,1
64,16,1
77,16,1
86,16,-1
97,16,1
6,17,1
25,17,1
26,17,-1
36,17,1
38,17,-1
46,17,1
48,17,1
57,17,1
63,17,1
71,17,-1
75,17,1
76,17,1
83,17,1
6,18,1
33,18,-1
43,18,1
53,18,1
82,18,-1
83,18,1
87,18,1
94,18,1
96,18,1
100,18,1
4,19,1
10,19,1
15,19,1
18,19,1
51,19,1
63,19,1
70,19,1
76,19,1
81,19,1
82,19,-1
95,19,1
98,19,1
4,20,1
5,20,1
15,20,1
21,20,1
22,20,1
24,20,1
26,20,-1
31,20,1
36,20,1
38,20,-1
41,20,1
54,20,-1
64,20,1
66,20,1
69,20,1
71,20,-1
76,20,1
84,20,-1
85,20,1
95,20,1
99,20,-1
12,21,1
23,21,1
24,21,1
26,21,-1
34,21,1
35,21,1
54,21,-1
66,21,1
79,21,1
89,21,1
90,21,1
24,22,1
36,22,1
85,22,1
99,22,-1
7,23,1
26,23,-1
49,23,1
53,23,1
55,23,1
63,23,1
71,23,-1
87,23,1
22,24,1
25,24,1
57,24,1
60,24,1
81,24,1
4,25,1
16,25,1
28,25,1
50,25,1
58,25,1
93,25,1
5,26,1
7,26,1
8,26,1
17,26,1
22,26,1
23,26,1
30,26,1
37,26,1
38,26,-1
39,26,1
44,26,1
48,26,1
49,26,1
52,26,1
55,26,1
60,26,1
63,26,1
71,26,-1
79,26,1
84,26,-1
89,26,1
99,26,-1
1,27,1
9,27,1
16,27,1
29,27,1
40,27,1
42,27,-1
54,27,-1
57,27,1
60,27,1
69,27,1
71,27,-1
78,27,1
86,27,-1
3,28,1
6,28,1
8,28,1
12,28,1
34,28,1
37,28,1
49,28,1
52,28,1
53,28,1
60,28,1
79,28,1
90,28,1
4,29,1
5,29,1
19,29,1
20,29,1
39,29,1
42,29,-1
51,29,1
55,29,1
59,29,1
70,29,1
76,29,1
80,29,1
83,29,1
95,29,1
2,30,-1
35,30,1
43,30,1
56,30,1
58,30,1
62,30,1
87,30,1
89,30,1
94,30,1
97,30,1
100,30,1
4,31,1
7,31,1
20,31,1
29,31,1
41,31,1
54,31,-1
73,31,1
86,31,-1
95,31,1
99,31,-1
3,32,1
11,32,1
13,32,1
22,32,1
24,32,1
28,32,1
36,32,1
49,32,1
52,32,1
60,32,1
68,32,-1
69,32,1
70,32,1
71,32,-1
73,32,1
85,32,1
1,33,1
14,33,1
16,33,1
30,33,1
43,33,1
45,33,1
46,33,1
53,33,1
62,33,1
72,33,1
82,33,-1
86,33,-1
87,33,1
89,33,1
94,33,1
97,33,1
6,34,1
8,34,1
21,34,1
24,34,1
28,34,1
35,34,1
40,34,1
66,34,1
79,34,1
82,34,-1
85,34,1
90,34,1
2,35,-1
12,35,1
14,35,1
39,35,1
56,35,1
59,35,1
65,35,1
79,35,1
80,35,1
85,35,1
13,36,1
47,36,1
52,36,1
67,36,1
68,36,-1
74,36,1
84,36,-1
85,36,1
90,36,1
91,36,-1
92,36,-1
95,36,1
96,36,1
100,36,1
3,37,1
10,37,1
11,37,1
32,37,1
52,37,1
60,37,1
68,37,-1
78,37,1
92,37,-1
7,38,1
22,38,1
23,38,1
24,38,1
26,38,-1
36,38,1
48,38,1
49,38,1
50,38,1
53,38,1
57,38,1
60,38,1
63,38,1
69,38,1
83,38,1
84,38,-1
5,39,1
29,39,1
30,39,1
31,39,1
44,39,1
50,39,1
55,39,1
59,39,1
60,39,1
76,39,1
80,39,1
81,39,1
98,39,1
99,39,-1
100,39,1
1,40,1
4,40,1
9,40,1
11,40,1
16,40,1
33,40,-1
37,40,1
45,40,1
47,40,1
61,40,-1
64,40,1
77,40,1
78,40,1
86,40,-1
87,40,1
91,40,-1
97,40,1
6,41,1
7,41,1
15,41,1
16,41,1
17,41,1
25,41,1
29,41,1
31,41,1
38,41,-1
63,41,1
83,41,1
86,41,-1
95,41,1
1,42,1
7,42,1
9,42,1
16,42,1
18,42,1
27,42,1
44,42,1
46,42,1
55,42,1
60,42,1
69,42,1
72,42,1
78,42,1
86,42,-1
89,42,1
94,42,1
2,43,-1
30,43,1
33,43,-1
35,43,1
46,43,1
53,43,1
56,43,1
58,43,1
65,43,1
72,43,1
91,43,-1
97,43,1
100,43,1
6,44,1
7,44,1
9,44,1
16,44,1
23,44,1
26,44,-1
31,44,1
38,44,-1
41,44,1
55,44,1
63,44,1
66,44,1
89,44,1
1,45,1
16,45,1
36,45,1
37,45,1
40,45,1
59,45,1
61,45,-1
72,45,1
86,45,-1
93,45,1
97,45,1
28,46,1
33,46,-1
40,46,1
43,46,1
45,46,1
53,46,1
56,46,1
58,46,1
61,46,-1
64,46,1
65,46,1
72,46,1
90,46,1
91,46,-1
93,46,1
94,46,1
97,46,1
98,46,1
100,46,1
11,47,1
13,47,1
22,47,1
36,47,1
37,47,1
40,47,1
45,47,1
50,47,1
61,47,-1
64,47,1
67,47,1
68,47,-1
74,47,1
78,47,1
84,47,-1
91,47,-1
92,47,-1
10,48,1
16,48,1
20,48,1
24,48,1
25,48,1
36,48,1
41,48,1
50,48,1
57,48,1
64,48,1
66,48,1
78,48,1
84,48,-1
88,48,1
89,48,1
91,48,-1
3,49,1
11,49,1
17,49,1
26,49,-1
37,49,1
44,49,1
52,49,1
57,49,1
8,50,1
11,50,1
13,50,1
24,50,1
28,50,1
29,50,1
34,50,1
45,50,1
57,50,1
62,50,1
68,50,-1
75,50,1
81,50,1
4,51,1
10,51,1
15,51,1
19,51,1
41,51,1
70,51,1
95,51,1
96,51,1
3,52,1
11,52,1
17,52,1
19,52,1
23,52,1
32,52,1
37,52,1
49,52,1
58,52,1
60,52,1
63,52,1
75,52,1
80,52,1
18,53,1
28,53,1
30,53,1
33,53,-1
34,53,1
46,53,1
50,53,1
52,53,1
56,53,1
61,53,-1
62,53,1
63,53,1
64,53,1
72,53,1
85,53,1
87,53,1
96,53,1
100,53,1
7,54,1
9,54,1
29,54,1
31,54,1
40,54,1
41,54,1
44,54,1
73,54,1
95,54,1
6,55,1
7,55,1
20,55,1
22,55,1
24,55,1
26,55,-1
38,55,-1
39,55,1
41,55,1
44,55,1
54,55,-1
59,55,1
63,55,1
69,55,1
71,55,-1
80,55,1
81,55,1
84,55,-1
2,56,-1
8,56,1
12,56,1
17,56,1
35,56,1
43,56,1
57,56,1
58,56,1
62,56,1
65,56,1
72,56,1
79,56,1
93,56,1
94,56,1
97,56,1
100,56,1
16,57,1
17,57,1
25,57,1
40,57,1
45,57,1
69,57,1
71,57,-1
72,57,1
78,57,1
83,57,1
84,57,-1
86,57,-1
91,57,-1
16,58,1
34,58,1
35,58,1
40,58,1
43,58,1
46,58,1
53,58,1
56,58,1
57,58,1
62,58,1
64,58,1
65,58,1
72,58,1
77,58,1
80,58,1
97,58,1
4,59,1
5,59,1
11,59,1
29,59,1
39,59,1
77,59,1
80,59,1
81,59,1
83,59,1
93,59,1
97,59,1
98,59,1
6,60,1
17,60,1
25,60,1
32,60,1
44,60,1
48,60,1
69,60,1
78,60,1
89,60,1
11,61,1
33,61,-1
37,61,1
40,61,1
45,61,1
47,61,1
50,61,1
52,61,1
68,61,-1
72,61,1
85,61,1
87,61,1
97,61,1
12,62,1
18,62,1
28,62,1
34,62,1
35,62,1
43,62,1
53,62,1
56,62,1
64,62,1
72,62,1
74,62,1
79,62,1
80,62,1
93,62,1
94,62,1
100,62,1
7,63,1
17,63,1
23,63,1
26,63,-1
30,63,1
41,63,1
49,63,1
52,63,1
64,63,1
71,63,-1
72,63,1
87,63,1
89,63,1
93,63,1
100,63,1
11,64,1
18,64,1
56,64,1
58,64,1
78,64,1
2,65,-1
35,65,1
53,65,1
56,65,1
62,65,1
79,65,1
83,65,1
91,65,-1
94,65,1
8,66,1
10,66,1
14,66,1
21,66,1
34,66,1
35,66,1
39,66,1
48,66,1
55,66,1
79,66,1
11,67,1
12,67,1
25,67,1
37,67,1
48,67,1
75,67,1
78,67,1
81,67,1
84,67,-1
88,67,1
90,67,1
91,67,-1
92,67,-1
11,68,1
32,68,1
37,68,1
40,68,1
47,68,1
52,68,1
67,68,1
74,68,1
92,68,-1
1,69,1
6,69,1
9,69,1
13,69,1
22,69,1
24,69,1
36,69,1
42,69,-1
44,69,1
57,69,1
60,69,1
5,70,1
10,70,1
15,70,1
19,70,1
33,70,-1
41,70,1
51,70,1
59,70,1
81,70,1
82,70,-1
83,70,1
86,70,-1
95,70,1
7,71,1
9,71,1
23,71,1
25,71,1
42,71,-1
44,71,1
49,71,1
66,71,1
73,71,1
84,71,-1
18,72,1
25,72,1
30,72,1
33,72,-1
43,72,1
56,72,1
58,72,1
62,72,1
64,72,1
89,72,1
97,72,1
7,73,1
20,73,1
21,73,1
24,73,1
25,73,1
31,73,1
32,73,1
36,73,1
37,73,1
41,73,1
44,73,1
54,73,-1
71,73,-1
84,73,-1
85,73,1
86,73,-1
95,73,1
3,74,1
10,74,1
11,74,1
24,74,1
37,74,1
47,74,1
48,74,1
67,74,1
75,74,1
84,74,-1
88,74,1
90,74,1
91,74,-1
92,74,-1
3,75,1
38,75,-1
47,75,1
49,75,1
74,75,1
78,75,1
84,75,-1
88,75,1
4,76,1
5,76,1
15,76,1
29,76,1
31,76,1
41,76,1
51,76,1
52,76,1
59,76,1
95,76,1
98,76,1
4,77,1
5,77,1
10,77,1
27,77,1
37,77,1
39,77,1
40,77,1
59,77,1
63,77,1
80,77,1
3,78,1
9,78,1
11,78,1
13,78,1
16,78,1
25,78,1
40,78,1
45,78,1
61,78,-1
67,78,1
69,78,1
74,78,1
86,78,-1
88,78,1
91,78,-1
8,79,1
12,79,1
31,79,1
34,79,1
35,79,1
56,79,1
4,80,1
14,80,1
35,80,1
39,80,1
51,80,1
59,80,1
67,80,1
77,80,1
4,81,1
5,81,1
17,81,1
18,81,1
19,81,1
39,81,1
59,81,1
70,81,1
77,81,1
80,81,1
83,81,1
96,81,1
99,81,-1
4,82,1
6,82,1
14,82,1
18,82,1
24,82,1
65,82,1
70,82,1
81,82,1
83,82,1
85,82,1
94,82,1
96,82,1
99,82,-1
2,83,-1
4,83,1
18,83,1
39,83,1
41,83,1
59,83,1
70,83,1
81,83,1
96,83,1
99,83,-1
25,84,1
48,84,1
67,84,1
74,84,1
75,84,1
91,84,-1
6,85,1
14,85,1
21,85,1
24,85,1
31,85,1
33,85,-1
36,85,1
47,85,1
54,85,-1
55,85,1
61,85,-1
68,85,-1
69,85,1
73,85,1
81,85,1
82,85,-1
84,85,-1
86,85,-1
96,85,1
99,85,-1
7,86,1
9,86,1
14,86,1
16,86,1
33,86,-1
42,86,-1
54,86,-1
69,86,1
16,87,1
30,87,1
43,87,1
45,87,1
46,87,1
52,87,1
53,87,1
62,87,1
72,87,1
100,87,1
11,88,1
25,88,1
36,88,1
37,88,1
47,88,1
50,88,1
74,88,1
75,88,1
78,88,1
84,88,-1
91,88,-1
92,88,-1
98,88,1
1,89,1
23,89,1
26,89,-1
30,89,1
40,89,1
49,89,1
55,89,1
63,89,1
71,89,-1
72,89,1
8,90,1
12,90,1
28,90,1
34,90,1
52,90,1
62,90,1
66,90,1
75,90,1
84,90,-1
88,90,1
91,90,-1
92,90,-1
93,90,1
94,90,1
11,91,1
37,91,1
47,91,1
48,91,1
50,91,1
67,91,1
68,91,-1
74,91,1
75,91,1
78,91,1
84,91,-1
88,91,1
92,91,-1
2,92,-1
3,92,1
11,92,1
13,92,1
24,92,1
47,92,1
62,92,1
65,92,1
67,92,1
74,92,1
84,92,-1
88,92,1
91,92,-1
1,93,1
7,93,1
8,93,1
16,93,1
28,93,1
30,93,1
33,93,-1
34,93,1
35,93,1
38,93,-1
39,93,1
46,93,1
50,93,1
64,93,1
66,93,1
67,93,1
87,93,1
90,93,1
97,93,1
100,93,1
18,94,1
30,94,1
33,94,-1
35,94,1
43,94,1
53,94,1
62,94,1
72,94,1
87,94,1
93,94,1
5,95,1
7,95,1
10,95,1
15,95,1
19,95,1
20,95,1
22,95,1
29,95,1
41,95,1
45,95,1
51,95,1
70,95,1
76,95,1
85,95,1
98,95,1
6,96,1
18,96,1
19,96,1
29,96,1
33,96,-1
53,96,1
59,96,1
62,96,1
76,96,1
82,96,-1
83,96,1
94,96,1
100,96,1
3,97,1
4,97,1
16,97,1
43,97,1
46,97,1
77,97,1
87,97,1
4,98,1
5,98,1
15,98,1
18,98,1
19,98,1
20,98,1
29,98,1
48,98,1
51,98,1
76,98,1
81,98,1
95,98,1
2,99,-1
5,99,1
6,99,1
14,99,1
17,99,1
18,99,1
22,99,1
24,99,1
35,99,1
39,99,1
41,99,1
55,99,1
69,99,1
80,99,1
94,99,1
96,99,1
18,100,1
19,100,1
22,100,1
30,100,1
53,100,1
62,100,1
64,100,1
83,100,1
87,100,1
94,100,1
99,100,-1
