9,1,1
12,1,1
28,1,1
33,1,1
39,1,1
45,1,-1
52,1,1
57,1,1
62,1,1
72,1,1
73,1,-1
81,1,1
82,1,1
89,1,1
91,1,1
3,2,-1
5,2,1
11,2,-1
12,2,1
29,2,1
52,2,1
53,2,1
58,2,1
59,2,1
61,2,-1
63,2,-1
73,2,-1
75,2,1
88,2,1
92,2,1
99,2,1
12,3,1
14,3,-1
15,3,1
18,3,1
19,3,1
30,3,1
32,3,1
34,3,1
39,3,1
48,3,1
51,3,1
54,3,1
66,3,1
74,3,1
77,3,1
79,3,1
88,3,1
100,3,1
2,4,1
3,4,-1
15,4,1
23,4,1
25,4,1
35,4,1
38,4,-1
45,4,-1
49,4,1
57,4,1
66,4,1
67,4,1
70,4,1
73,4,-1
81,4,1
82,4,1
97,4,1
2,5,1
6,5,1
9,5,1
18,5,1
23,5,1
26,5,1
33,5,1
42,5,1
43,5,1
48,5,1
64,5,1
67,5,1
71,5,1
74,5,1
84,5,1
4,6,1
18,6,1
20,6,1
41,6,1
42,6,1
54,6,1
57,6,1
66,6,1
69,6,1
9,7,1
14,7,-1
21,7,1
23,7,1
36,7,-1
49,7,1
52,7,1
54,7,1
61,7,-1
62,7,1
67,7,1
72,7,1
75,7,1
76,7,1
9,8,1
13,8,1
22,8,1
29,8,1
33,8,1
51,8,1
55,8,-1
57,8,1
59,8,1
60,8,1
70,8,1
78,8,1
81,8,1
96,8,1
4,9,1
5,9,1
10,9,1
17,9,-1
39,9,1
42,9,1
64,9,1
72,9,1
80,9,1
83,9,1
85,9,1
100,9,1
18,10,1
20,10,1
25,10,1
43,10,1
47,10,1
53,10,1
61,10,-1
71,10,1
76,10,1
79,10,1
80,10,1
88,10,1
6,11,1
7,11,1
8,11,1
19,11,1
22,11,1
27,11,1
30,11,1
35,11,1
36,11,-1
40,11,1
43,11,1
56,11,1
64,11,1
99,11,1
4,12,1
7,12,1
8,12,1
44,12,1
57,12,1
68,12,1
71,12,1
78,12,1
80,12,1
87,12,-1
88,12,1
91,12,1
93,12,1
1,13,-1
35,13,1
48,13,1
49,13,1
54,13,1
62,13,1
63,13,-1
71,13,1
88,13,1
98,13,1
8,14,1
15,14,1
26,14,1
31,14,1
35,14,1
39,14,1
58,14,1
66,14,1
67,14,1
78,14,1
82,14,1
93,14,1
96,14,1
22,15,1
57,15,1
58,15,1
69,15,1
88,15,1
98,15,1
2,16,1
9,16,1
19,16,1
42,16,1
43,16,1
44,16,1
45,16,-1
60,16,1
64,16,1
82,16,1
93,16,1
97,16,1
98,16,1
4,17,1
13,17,1
15,17,1
18,17,1
27,17,1
29,17,1
32,17,1
44,17,1
45,17,-1
54,17,1
57,17,1
63,17,-1
67,17,1
73,17,-1
82,17,1
87,17,-1
12,18,1
15,18,1
17,18,-1
24,18,1
26,18,1
41,18,1
51,18,1
68,18,1
71,18,1
80,18,1
82,18,1
86,18,1
8,19,1
9,19,1
10,19,1
22,19,1
25,19,1
36,19,-1
44,19,1
50,19,-1
51,19,1
77,19,1
86,19,1
8,20,1
9,20,1
15,20,1
19,20,1
27,20,1
39,20,1
49,20,1
53,20,1
56,20,1
57,20,1
59,20,1
63,20,-1
73,20,-1
83,20,1
98,20,1
6,21,1
26,21,1
35,21,1
39,21,1
40,21,1
42,21,1
51,21,1
58,21,1
62,21,1
67,21,1
75,21,1
81,21,1
88,21,1
94,21,1
5,22,1
10,22,1
17,22,-1
21,22,1
23,22,1
41,22,1
42,22,1
44,22,1
45,22,-1
54,22,1
59,22,1
62,22,1
67,22,1
75,22,1
78,22,1
79,22,1
95,22,1
8,23,1
10,23,1
19,23,1
20,23,1
28,23,1
29,23,1
34,23,1
35,23,1
44,23,1
47,23,1
50,23,-1
54,23,1
58,23,1
62,23,1
63,23,-1
66,23,1
68,23,1
69,23,1
74,23,1
78,23,1
92,23,1
1,24,-1
18,24,1
19,24,1
27,24,1
30,24,1
34,24,1
37,24,-1
57,24,1
72,24,1
75,24,1
77,24,1
94,24,1
96,24,1
98,24,1
9,25,1
16,25,1
26,25,1
27,25,1
34,25,1
39,25,1
49,25,1
56,25,1
57,25,1
61,25,-1
68,25,1
74,25,1
76,25,1
78,25,1
82,25,1
84,25,1
99,25,1
6,26,1
13,26,1
16,26,1
18,26,1
22,26,1
23,26,1
30,26,1
43,26,1
45,26,-1
46,26,1
50,26,-1
53,26,1
54,26,1
68,26,1
83,26,1
95,26,1
8,27,1
10,27,1
24,27,1
42,27,1
49,27,1
53,27,1
66,27,1
67,27,1
74,27,1
80,27,1
84,27,1
4,28,1
15,28,1
16,28,1
19,28,1
22,28,1
34,28,1
48,28,1
100,28,1
4,29,1
10,29,1
14,29,-1
34,29,1
36,29,-1
38,29,-1
55,29,-1
63,29,-1
71,29,1
72,29,1
88,29,1
89,29,1
97,29,1
4,30,1
9,30,1
10,30,1
13,30,1
31,30,1
38,30,-1
42,30,1
49,30,1
55,30,-1
58,30,1
71,30,1
89,30,1
1,31,-1
6,31,1
15,31,1
20,31,1
36,31,-1
39,31,1
75,31,1
79,31,1
13,32,1
20,32,1
23,32,1
37,32,-1
43,32,1
56,32,1
61,32,-1
72,32,1
80,32,1
81,32,1
94,32,1
97,32,1
2,33,1
4,33,1
10,33,1
24,33,1
25,33,1
26,33,1
37,33,-1
86,33,1
99,33,1
15,34,1
24,34,1
28,34,1
32,34,1
40,34,1
52,34,1
83,34,1
90,34,1
94,34,1
2,35,1
5,35,1
7,35,1
21,35,1
22,35,1
33,35,1
34,35,1
44,35,1
48,35,1
50,35,-1
65,35,1
71,35,1
80,35,1
91,35,1
22,36,1
33,36,1
42,36,1
43,36,1
44,36,1
64,36,1
83,36,1
94,36,1
2,37,1
3,37,-1
7,37,1
11,37,-1
20,37,1
25,37,1
29,37,1
30,37,1
34,37,1
38,37,-1
45,37,-1
46,37,1
64,37,1
75,37,1
78,37,1
90,37,1
2,38,1
8,38,1
9,38,1
15,38,1
34,38,1
37,38,-1
46,38,1
56,38,1
63,38,-1
69,38,1
74,38,1
87,38,-1
89,38,1
91,38,1
4,39,1
12,39,1
16,39,1
27,39,1
47,39,1
72,39,1
75,39,1
76,39,1
84,39,1
89,39,1
93,39,1
4,40,1
11,40,-1
20,40,1
23,40,1
24,40,1
26,40,1
29,40,1
31,40,1
52,40,1
57,40,1
58,40,1
68,40,1
69,40,1
74,40,1
77,40,1
82,40,1
84,40,1
85,40,1
87,40,-1
22,41,1
42,41,1
46,41,1
48,41,1
52,41,1
73,41,-1
81,41,1
90,41,1
93,41,1
95,41,1
100,41,1
9,42,1
26,42,1
36,42,-1
37,42,-1
39,42,1
58,42,1
60,42,1
70,42,1
82,42,1
98,42,1
99,42,1
4,43,1
14,43,-1
17,43,-1
31,43,1
38,43,-1
41,43,1
42,43,1
65,43,1
76,43,1
78,43,1
80,43,1
93,43,1
3,44,-1
6,44,1
7,44,1
19,44,1
21,44,1
23,44,1
31,44,1
38,44,-1
46,44,1
53,44,1
55,44,-1
56,44,1
57,44,1
58,44,1
68,44,1
83,44,1
85,44,1
4,45,1
7,45,1
15,45,1
24,45,1
28,45,1
42,45,1
52,45,1
63,45,-1
64,45,1
95,45,1
4,46,1
13,46,1
20,46,1
26,46,1
27,46,1
35,46,1
43,46,1
44,46,1
45,46,-1
55,46,-1
56,46,1
57,46,1
63,46,-1
67,46,1
77,46,1
79,46,1
91,46,1
4,47,1
10,47,1
12,47,1
15,47,1
32,47,1
36,47,-1
42,47,1
50,47,-1
52,47,1
55,47,-1
62,47,1
69,47,1
90,47,1
7,48,1
11,48,-1
12,48,1
13,48,1
26,48,1
28,48,1
30,48,1
43,48,1
50,48,-1
57,48,1
68,48,1
73,48,-1
74,48,1
88,48,1
94,48,1
5,49,1
19,49,1
29,49,1
48,49,1
79,49,1
80,49,1
93,49,1
97,49,1
22,50,1
38,50,-1
40,50,1
43,50,1
52,50,1
55,50,-1
66,50,1
86,50,1
91,50,1
100,50,1
13,51,1
15,51,1
17,51,-1
23,51,1
37,51,-1
43,51,1
55,51,-1
65,51,1
91,51,1
8,52,1
27,52,1
40,52,1
68,52,1
78,52,1
80,52,1
1,53,-1
11,53,-1
14,53,-1
15,53,1
17,53,-1
22,53,1
39,53,1
50,53,-1
56,53,1
61,53,-1
65,53,1
67,53,1
71,53,1
93,53,1
96,53,1
3,54,-1
6,54,1
13,54,1
32,54,1
33,54,1
56,54,1
74,54,1
76,54,1
82,54,1
83,54,1
89,54,1
91,54,1
99,54,1
100,54,1
16,55,1
63,55,-1
72,55,1
94,55,1
5,56,1
13,56,1
18,56,1
22,56,1
36,56,-1
40,56,1
46,56,1
86,56,1
92,56,1
93,56,1
100,56,1
1,57,-1
5,57,1
7,57,1
15,57,1
40,57,1
42,57,1
61,57,-1
63,57,-1
70,57,1
73,57,-1
79,57,1
95,57,1
9,58,1
14,58,-1
18,58,1
19,58,1
23,58,1
34,58,1
52,58,1
54,58,1
60,58,1
77,58,1
79,58,1
2,59,1
7,59,1
20,59,1
22,59,1
26,59,1
28,59,1
43,59,1
48,59,1
58,59,1
80,59,1
96,59,1
4,60,1
6,60,1
9,60,1
13,60,1
16,60,1
37,60,-1
48,60,1
55,60,-1
58,60,1
69,60,1
80,60,1
84,60,1
93,60,1
98,60,1
100,60,1
3,61,-1
4,61,1
11,61,-1
15,61,1
18,61,1
31,61,1
50,61,-1
53,61,1
54,61,1
60,61,1
69,61,1
72,61,1
82,61,1
89,61,1
90,61,1
92,61,1
2,62,1
4,62,1
26,62,1
27,62,1
29,62,1
30,62,1
50,62,-1
56,62,1
61,62,-1
64,62,1
75,62,1
80,62,1
98,62,1
99,62,1
6,63,1
9,63,1
11,63,-1
24,63,1
43,63,1
45,63,-1
47,63,1
60,63,1
83,63,1
94,63,1
10,64,1
13,64,1
22,64,1
28,64,1
34,64,1
40,64,1
53,64,1
60,64,1
74,64,1
77,64,1
81,64,1
89,64,1
6,65,1
8,65,1
9,65,1
12,65,1
16,65,1
37,65,-1
40,65,1
52,65,1
57,65,1
61,65,-1
63,65,-1
79,65,1
88,65,1
91,65,1
94,65,1
100,65,1
9,66,1
10,66,1
12,66,1
13,66,1
36,66,-1
42,66,1
57,66,1
91,66,1
99,66,1
4,67,1
6,67,1
9,67,1
14,67,-1
28,67,1
34,67,1
40,67,1
49,67,1
50,67,-1
64,67,1
68,67,1
70,67,1
81,67,1
82,67,1
98,67,1
3,68,-1
17,68,-1
20,68,1
30,68,1
31,68,1
46,68,1
55,68,-1
58,68,1
67,68,1
76,68,1
81,68,1
83,68,1
90,68,1
99,68,1
1,69,-1
16,69,1
22,69,1
23,69,1
24,69,1
30,69,1
71,69,1
82,69,1
94,69,1
100,69,1
7,70,1
9,70,1
10,70,1
27,70,1
43,70,1
49,70,1
66,70,1
73,70,-1
74,70,1
76,70,1
78,70,1
94,70,1
96,70,1
97,70,1
16,71,1
20,71,1
21,71,1
27,71,1
29,71,1
36,71,-1
45,71,-1
54,71,1
57,71,1
66,71,1
68,71,1
73,71,-1
75,71,1
79,71,1
81,71,1
90,71,1
92,71,1
94,71,1
4,72,1
8,72,1
10,72,1
17,72,-1
28,72,1
30,72,1
37,72,-1
41,72,1
48,72,1
57,72,1
67,72,1
68,72,1
71,72,1
86,72,1
96,72,1
7,73,1
31,73,1
33,73,1
39,73,1
41,73,1
44,73,1
53,73,1
65,73,1
69,73,1
77,73,1
80,73,1
87,73,-1
2,74,1
22,74,1
24,74,1
29,74,1
39,74,1
41,74,1
45,74,-1
46,74,1
51,74,1
65,74,1
66,74,1
70,74,1
78,74,1
95,74,1
96,74,1
1,75,-1
2,75,1
3,75,-1
13,75,1
17,75,-1
31,75,1
35,75,1
46,75,1
76,75,1
83,75,1
86,75,1
91,75,1
95,75,1
4,76,1
6,76,1
14,76,-1
15,76,1
30,76,1
49,76,1
59,76,1
63,76,-1
67,76,1
2,77,1
5,77,1
15,77,1
26,77,1
27,77,1
28,77,1
47,77,1
49,77,1
63,77,-1
76,77,1
6,78,1
13,78,1
14,78,-1
19,78,1
30,78,1
37,78,-1
50,78,-1
59,78,1
61,78,-1
64,78,1
70,78,1
83,78,1
3,79,-1
9,79,1
19,79,1
28,79,1
29,79,1
38,79,-1
43,79,1
47,79,1
54,79,1
55,79,-1
75,79,1
83,79,1
100,79,1
10,80,1
12,80,1
27,80,1
35,80,1
38,80,-1
39,80,1
57,80,1
60,80,1
81,80,1
100,80,1
4,81,1
7,81,1
16,81,1
26,81,1
54,81,1
63,81,-1
67,81,1
71,81,1
75,81,1
84,81,1
85,81,1
87,81,-1
88,81,1
90,81,1
94,81,1
96,81,1
2,82,1
20,82,1
52,82,1
68,82,1
77,82,1
79,82,1
85,82,1
20,83,1
21,83,1
34,83,1
50,83,-1
53,83,1
78,83,1
5,84,1
19,84,1
22,84,1
30,84,1
52,84,1
57,84,1
79,84,1
88,84,1
90,84,1
11,85,-1
13,85,1
19,85,1
25,85,1
30,85,1
31,85,1
32,85,1
35,85,1
39,85,1
66,85,1
68,85,1
73,85,-1
74,85,1
75,85,1
96,85,1
100,85,1
16,86,1
25,86,1
34,86,1
36,86,-1
57,86,1
71,86,1
72,86,1
74,86,1
89,86,1
97,86,1
98,86,1
16,87,1
18,87,1
31,87,1
40,87,1
46,87,1
50,87,-1
59,87,1
60,87,1
63,87,-1
75,87,1
76,87,1
78,87,1
82,87,1
90,87,1
94,87,1
96,87,1
11,88,-1
12,88,1
13,88,1
22,88,1
34,88,1
40,88,1
42,88,1
52,88,1
61,88,-1
67,88,1
78,88,1
81,88,1
96,88,1
97,88,1
21,89,1
25,89,1
42,89,1
44,89,1
52,89,1
54,89,1
56,89,1
59,89,1
67,89,1
73,89,-1
81,89,1
1,90,-1
12,90,1
15,90,1
19,90,1
20,90,1
22,90,1
26,90,1
53,90,1
71,90,1
77,90,1
79,90,1
80,90,1
82,90,1
86,90,1
10,91,1
17,91,-1
37,91,-1
42,91,1
59,91,1
71,91,1
73,91,-1
82,91,1
4,92,1
14,92,-1
20,92,1
21,92,1
23,92,1
28,92,1
30,92,1
34,92,1
38,92,-1
45,92,-1
47,92,1
49,92,1
57,92,1
61,92,-1
71,92,1
72,92,1
98,92,1
99,92,1
2,93,1
6,93,1
9,93,1
11,93,-1
12,93,1
16,93,1
22,93,1
28,93,1
30,93,1
52,93,1
57,93,1
61,93,-1
71,93,1
77,93,1
8,94,1
13,94,1
23,94,1
36,94,-1
41,94,1
48,94,1
50,94,-1
69,94,1
84,94,1
86,94,1
89,94,1
90,94,1
91,94,1
93,94,1
95,94,1
3,95,-1
6,95,1
9,95,1
18,95,1
23,95,1
45,95,-1
52,95,1
53,95,1
60,95,1
63,95,-1
76,95,1
79,95,1
85,95,1
92,95,1
94,95,1
96,95,1
1,96,-1
9,96,1
14,96,-1
15,96,1
26,96,1
30,96,1
32,96,1
36,96,-1
42,96,1
49,96,1
50,96,-1
55,96,-1
77,96,1
91,96,1
94,96,1
97,96,1
2,97,1
14,97,-1
30,97,1
31,97,1
46,97,1
49,97,1
63,97,-1
71,97,1
83,97,1
90,97,1
91,97,1
95,97,1
96,97,1
100,97,1
3,98,-1
15,98,1
18,98,1
22,98,1
31,98,1
36,98,-1
42,98,1
44,98,1
49,98,1
55,98,-1
74,98,1
88,98,1
89,98,1
92,98,1
94,98,1
95,98,1
97,98,1
15,99,1
17,99,-1
24,99,1
29,99,1
31,99,1
32,99,1
42,99,1
49,99,1
55,99,-1
67,99,1
69,99,1
70,99,1
74,99,1
75,99,1
78,99,1
80,99,1
84,99,1
85,99,1
95,99,1
11,100,-1
28,100,1
29,100,1
30,100,1
31,100,1
35,100,1
64,100,1
70,100,1
82,100,1
91,100,1
98,100,1
