10,1,1
22,1,1
34,1,1
37,1,1
44,1,1
47,1,1
51,1,1
62,1,1
66,1,1
72,1,1
85,1,1
3,2,1
6,2,1
7,2,1
10,2,1
16,2,1
26,2,1
39,2,-1
46,2,1
49,2,1
67,2,-1
71,2,-1
81,2,1
95,2,1
2,3,1
4,3,1
10,3,1
11,3,1
17,3,1
40,3,1
41,3,1
52,3,1
53,3,1
54,3,1
55,3,1
80,3,1
81,3,1
89,3,1
93,3,1
99,3,-1
100,3,1
6,4,1
12,4,-1
19,4,1
26,4,1
34,4,1
40,4,1
65,4,1
66,4,1
76,4,-1
83,4,1
84,4,-1
89,4,1
91,4,1
95,4,1
1,5,1
12,5,-1
30,5,1
34,5,1
35,5,1
38,5,1
48,5,1
62,5,1
69,5,-1
83,5,1
90,5,1
3,6,1
7,6,1
17,6,1
20,6,-1
37,6,1
38,6,1
41,6,1
45,6,1
48,6,1
51,6,1
52,6,1
56,6,1
66,6,1
78,6,1
85,6,1
9,7,1
20,7,-1
24,7,1
26,7,1
29,7,-1
30,7,1
32,7,1
37,7,1
85,7,1
95,7,1
13,8,1
16,8,1
25,8,1
44,8,1
51,8,1
70,8,1
74,8,1
90,8,1
91,8,1
7,9,1
16,9,1
34,9,1
53,9,1
58,9,1
75,9,1
76,9,-1
91,9,1
100,9,1
12,10,-1
23,10,1
27,10,1
32,10,1
41,10,1
47,10,1
49,10,1
52,10,1
56,10,1
75,10,1
76,10,-1
3,11,1
14,11,1
31,11,1
32,11,1
36,11,1
42,11,1
44,11,1
48,11,1
65,11,1
84,11,-1
88,11,1
95,11,1
8,12,-1
17,12,1
20,12,-1
41,12,1
47,12,1
63,12,1
67,12,-1
71,12,-1
75,12,1
84,12,-1
86,12,1
89,12,1
91,12,1
93,12,1
9,13,1
11,13,1
20,13,-1
21,13,1
47,13,1
55,13,1
77,13,1
83,13,1
97,13,1
5,14,1
13,14,1
21,14,1
28,14,-1
42,14,1
44,14,1
46,14,1
55,14,1
59,14,1
68,14,-1
72,14,1
78,14,1
86,14,1
91,14,1
92,14,1
93,14,1
4,15,1
20,15,-1
24,15,1
33,15,1
41,15,1
45,15,1
48,15,1
51,15,1
57,15,1
60,15,1
70,15,1
92,15,1
1,16,1
4,16,1
10,16,1
12,16,-1
28,16,-1
30,16,1
35,16,1
42,16,1
44,16,1
49,16,1
56,16,1
74,16,1
82,16,1
85,16,1
87,16,-1
96,16,1
9,17,1
15,17,1
27,17,1
32,17,1
34,17,1
43,17,1
47,17,1
53,17,1
62,17,1
67,17,-1
71,17,-1
78,17,1
79,17,-1
90,17,1
92,17,1
98,17,-1
1,18,1
6,18,1
11,18,1
15,18,1
22,18,1
28,18,-1
31,18,1
36,18,1
37,18,1
42,18,1
50,18,-1
56,18,1
80,18,1
84,18,-1
1,19,1
18,19,1
34,19,1
54,19,1
68,19,-1
69,19,-1
70,19,1
71,19,-1
75,19,1
76,19,-1
88,19,1
91,19,1
12,20,-1
18,20,1
19,20,1
27,20,1
31,20,1
40,20,1
45,20,1
49,20,1
70,20,1
74,20,1
80,20,1
84,20,-1
95,20,1
97,20,1
7,21,1
19,21,1
47,21,1
52,21,1
63,21,1
65,21,1
74,21,1
81,21,1
87,21,-1
92,21,1
95,21,1
9,22,1
10,22,1
29,22,-1
39,22,-1
41,22,1
45,22,1
46,22,1
49,22,1
52,22,1
56,22,1
74,22,1
96,22,1
5,23,1
21,23,1
22,23,1
28,23,-1
31,23,1
32,23,1
43,23,1
49,23,1
65,23,1
66,23,1
68,23,-1
72,23,1
84,23,-1
88,23,1
96,23,1
98,23,-1
6,24,1
25,24,1
51,24,1
9,25,1
12,25,-1
13,25,1
14,25,1
18,25,1
23,25,1
38,25,1
41,25,1
45,25,1
77,25,1
88,25,1
96,25,1
99,25,-1
9,26,1
15,26,1
22,26,1
42,26,1
51,26,1
52,26,1
54,26,1
78,26,1
79,26,-1
86,26,1
92,26,1
13,27,1
26,27,1
34,27,1
47,27,1
52,27,1
62,27,1
63,27,1
70,27,1
74,27,1
6,28,1
15,28,1
22,28,1
27,28,1
32,28,1
46,28,1
53,28,1
55,28,1
76,28,-1
77,28,1
91,28,1
96,28,1
100,28,1
37,29,1
40,29,1
44,29,1
47,29,1
57,29,1
63,29,1
64,29,1
84,29,-1
95,29,1
5,30,1
37,30,1
41,30,1
44,30,1
54,30,1
88,30,1
89,30,1
96,30,1
8,31,-1
17,31,1
23,31,1
27,31,1
34,31,1
38,31,1
41,31,1
42,31,1
46,31,1
51,31,1
53,31,1
58,31,1
61,31,-1
66,31,1
68,31,-1
76,31,-1
79,31,-1
86,31,1
91,31,1
92,31,1
7,32,1
15,32,1
28,32,-1
29,32,-1
31,32,1
41,32,1
52,32,1
54,32,1
57,32,1
71,32,-1
80,32,1
6,33,1
21,33,1
22,33,1
25,33,1
26,33,1
32,33,1
45,33,1
61,33,-1
76,33,-1
82,33,1
97,33,1
98,33,-1
4,34,1
11,34,1
26,34,1
37,34,1
38,34,1
39,34,-1
46,34,1
56,34,1
72,34,1
96,34,1
98,34,-1
3,35,1
6,35,1
15,35,1
19,35,1
40,35,1
46,35,1
56,35,1
62,35,1
72,35,1
86,35,1
95,35,1
24,36,1
34,36,1
77,36,1
79,36,-1
89,36,1
96,36,1
9,37,1
16,37,1
18,37,1
19,37,1
25,37,1
29,37,-1
31,37,1
40,37,1
42,37,1
44,37,1
49,37,1
53,37,1
58,37,1
63,37,1
65,37,1
69,37,-1
71,37,-1
74,37,1
78,37,1
93,37,1
96,37,1
4,38,1
9,38,1
10,38,1
13,38,1
30,38,1
32,38,1
34,38,1
36,38,1
43,38,1
44,38,1
45,38,1
66,38,1
73,38,1
81,38,1
89,38,1
97,38,1
98,38,-1
2,39,1
9,39,1
11,39,1
15,39,1
22,39,1
25,39,1
32,39,1
40,39,1
43,39,1
44,39,1
49,39,1
51,39,1
62,39,1
66,39,1
73,39,1
80,39,1
89,39,1
18,40,1
19,40,1
23,40,1
27,40,1
39,40,-1
47,40,1
66,40,1
70,40,1
71,40,-1
78,40,1
90,40,1
3,41,1
5,41,1
19,41,1
34,41,1
35,41,1
37,41,1
42,41,1
43,41,1
47,41,1
51,41,1
82,41,1
88,41,1
98,41,-1
4,42,1
32,42,1
40,42,1
41,42,1
44,42,1
49,42,1
68,42,-1
74,42,1
81,42,1
82,42,1
7,43,1
11,43,1
17,43,1
28,43,-1
48,43,1
62,43,1
78,43,1
1,44,1
4,44,1
31,44,1
35,44,1
37,44,1
38,44,1
48,44,1
57,44,1
60,44,1
65,44,1
71,44,-1
76,44,-1
77,44,1
78,44,1
83,44,1
88,44,1
9,45,1
16,45,1
18,45,1
29,45,-1
31,45,1
33,45,1
44,45,1
50,45,-1
62,45,1
70,45,1
94,45,1
4,46,1
27,46,1
40,46,1
69,46,-1
75,46,1
79,46,-1
85,46,1
86,46,1
99,46,-1
4,47,1
21,47,1
49,47,1
64,47,1
68,47,-1
82,47,1
83,47,1
84,47,-1
85,47,1
86,47,1
4,48,1
6,48,1
15,48,1
16,48,1
28,48,-1
43,48,1
47,48,1
89,48,1
97,48,1
2,49,1
8,49,-1
10,49,1
24,49,1
34,49,1
37,49,1
55,49,1
58,49,1
90,49,1
2,50,1
7,50,1
11,50,1
16,50,1
25,50,1
28,50,-1
31,50,1
35,50,1
37,50,1
41,50,1
44,50,1
47,50,1
48,50,1
60,50,1
69,50,-1
81,50,1
99,50,-1
11,51,1
23,51,1
29,51,-1
45,51,1
48,51,1
61,51,-1
76,51,-1
86,51,1
87,51,-1
90,51,1
91,51,1
92,51,1
93,51,1
94,51,1
100,51,1
6,52,1
10,52,1
15,52,1
19,52,1
27,52,1
40,52,1
51,52,1
58,52,1
64,52,1
66,52,1
80,52,1
16,53,1
25,53,1
49,53,1
75,53,1
77,53,1
79,53,-1
90,53,1
95,53,1
6,54,1
12,54,-1
38,54,1
41,54,1
70,54,1
73,54,1
75,54,1
87,54,-1
88,54,1
92,54,1
97,54,1
2,55,1
13,55,1
15,55,1
24,55,1
43,55,1
65,55,1
66,55,1
75,55,1
91,55,1
100,55,1
3,56,1
16,56,1
26,56,1
48,56,1
58,56,1
69,56,-1
70,56,1
21,57,1
43,57,1
45,57,1
47,57,1
54,57,1
72,57,1
78,57,1
4,58,1
14,58,1
27,58,1
45,58,1
46,58,1
52,58,1
53,58,1
64,58,1
68,58,-1
80,58,1
83,58,1
84,58,-1
89,58,1
92,58,1
5,59,1
6,59,1
23,59,1
36,59,1
50,59,-1
65,59,1
87,59,-1
94,59,1
2,60,1
29,60,-1
30,60,1
36,60,1
40,60,1
57,60,1
84,60,-1
100,60,1
4,61,1
7,61,1
10,61,1
13,61,1
22,61,1
24,61,1
37,61,1
43,61,1
46,61,1
64,61,1
69,61,-1
77,61,1
80,61,1
86,61,1
88,61,1
7,62,1
10,62,1
14,62,1
26,62,1
28,62,-1
29,62,-1
41,62,1
46,62,1
54,62,1
61,62,-1
63,62,1
65,62,1
66,62,1
68,62,-1
73,62,1
98,62,-1
9,63,1
20,63,-1
21,63,1
23,63,1
38,63,1
42,63,1
53,63,1
60,63,1
68,63,-1
77,63,1
79,63,-1
9,64,1
34,64,1
40,64,1
55,64,1
59,64,1
76,64,-1
80,64,1
85,64,1
96,64,1
19,65,1
23,65,1
32,65,1
43,65,1
52,65,1
62,65,1
73,65,1
75,65,1
84,65,-1
85,65,1
86,65,1
87,65,-1
93,65,1
99,65,-1
4,66,1
9,66,1
13,66,1
14,66,1
21,66,1
23,66,1
31,66,1
45,66,1
49,66,1
60,66,1
72,66,1
88,66,1
97,66,1
4,67,1
6,67,1
24,67,1
44,67,1
59,67,1
62,67,1
98,67,-1
5,68,1
16,68,1
24,68,1
53,68,1
72,68,1
89,68,1
95,68,1
14,69,1
18,69,1
40,69,1
41,69,1
44,69,1
58,69,1
70,69,1
73,69,1
77,69,1
95,69,1
98,69,-1
99,69,-1
3,70,1
8,70,-1
17,70,1
25,70,1
26,70,1
33,70,1
36,70,1
37,70,1
39,70,-1
41,70,1
53,70,1
72,70,1
76,70,-1
83,70,1
5,71,1
14,71,1
36,71,1
48,71,1
49,71,1
57,71,1
64,71,1
74,71,1
76,71,-1
84,71,-1
99,71,-1
3,72,1
12,72,-1
16,72,1
23,72,1
26,72,1
33,72,1
35,72,1
37,72,1
40,72,1
48,72,1
52,72,1
66,72,1
67,72,-1
71,72,-1
87,72,-1
91,72,1
92,72,1
96,72,1
98,72,-1
3,73,1
7,73,1
8,73,-1
22,73,1
30,73,1
43,73,1
57,73,1
58,73,1
60,73,1
77,73,1
85,73,1
91,73,1
99,73,-1
100,73,1
1,74,1
5,74,1
32,74,1
36,74,1
43,74,1
44,74,1
52,74,1
53,74,1
56,74,1
4,75,1
14,75,1
16,75,1
42,75,1
44,75,1
55,75,1
70,75,1
81,75,1
84,75,-1
87,75,-1
94,75,1
6,76,1
17,76,1
33,76,1
49,76,1
50,76,-1
53,76,1
73,76,1
75,76,1
82,76,1
93,76,1
98,76,-1
16,77,1
34,77,1
35,77,1
42,77,1
46,77,1
47,77,1
56,77,1
60,77,1
82,77,1
83,77,1
100,77,1
2,78,1
8,78,-1
11,78,1
12,78,-1
16,78,1
36,78,1
38,78,1
44,78,1
47,78,1
58,78,1
65,78,1
81,78,1
95,78,1
1,79,1
17,79,1
19,79,1
23,79,1
35,79,1
53,79,1
57,79,1
61,79,-1
74,79,1
84,79,-1
5,80,1
7,80,1
10,80,1
25,80,1
43,80,1
50,80,-1
57,80,1
64,80,1
77,80,1
79,80,-1
81,80,1
83,80,1
86,80,1
89,80,1
91,80,1
97,80,1
6,81,1
11,81,1
13,81,1
33,81,1
38,81,1
40,81,1
42,81,1
45,81,1
46,81,1
57,81,1
62,81,1
76,81,-1
84,81,-1
86,81,1
89,81,1
94,81,1
5,82,1
6,82,1
15,82,1
18,82,1
19,82,1
27,82,1
50,82,-1
51,82,1
60,82,1
65,82,1
68,82,-1
75,82,1
88,82,1
96,82,1
8,83,-1
28,83,-1
43,83,1
52,83,1
53,83,1
54,83,1
59,83,1
62,83,1
71,83,-1
88,83,1
94,83,1
96,83,1
98,83,-1
99,83,-1
20,84,-1
21,84,1
24,84,1
32,84,1
39,84,-1
56,84,1
66,84,1
80,84,1
83,84,1
91,84,1
95,84,1
96,84,1
11,85,1
16,85,1
21,85,1
26,85,1
30,85,1
33,85,1
48,85,1
49,85,1
64,85,1
65,85,1
66,85,1
76,85,-1
77,85,1
83,85,1
91,85,1
97,85,1
11,86,1
12,86,-1
14,86,1
17,86,1
22,86,1
26,86,1
33,86,1
44,86,1
45,86,1
48,86,1
64,86,1
68,86,-1
77,86,1
88,86,1
95,86,1
7,87,1
9,87,1
10,87,1
48,87,1
64,87,1
67,87,-1
78,87,1
86,87,1
88,87,1
89,87,1
97,87,1
38,88,1
42,88,1
45,88,1
58,88,1
60,88,1
64,88,1
73,88,1
80,88,1
84,88,-1
1,89,1
5,89,1
11,89,1
14,89,1
30,89,1
33,89,1
49,89,1
59,89,1
74,89,1
85,89,1
97,89,1
98,89,-1
99,89,-1
2,90,1
6,90,1
13,90,1
18,90,1
21,90,1
31,90,1
43,90,1
44,90,1
47,90,1
58,90,1
62,90,1
64,90,1
69,90,-1
70,90,1
74,90,1
99,90,-1
9,91,1
17,91,1
27,91,1
32,91,1
36,91,1
45,91,1
53,91,1
56,91,1
90,91,1
98,91,-1
5,92,1
13,92,1
20,92,-1
22,92,1
25,92,1
28,92,-1
37,92,1
60,92,1
64,92,1
72,92,1
74,92,1
82,92,1
83,92,1
94,92,1
21,93,1
31,93,1
46,93,1
57,93,1
60,93,1
61,93,-1
2,94,1
10,94,1
11,94,1
18,94,1
26,94,1
29,94,-1
42,94,1
51,94,1
53,94,1
66,94,1
67,94,-1
81,94,1
85,94,1
95,94,1
2,95,1
10,95,1
28,95,-1
37,95,1
57,95,1
63,95,1
74,95,1
80,95,1
89,95,1
96,95,1
7,96,1
10,96,1
12,96,-1
13,96,1
29,96,-1
40,96,1
43,96,1
44,96,1
56,96,1
72,96,1
76,96,-1
14,97,1
17,97,1
26,97,1
41,97,1
54,97,1
55,97,1
66,97,1
68,97,-1
82,97,1
90,97,1
92,97,1
3,98,1
4,98,1
16,98,1
21,98,1
50,98,-1
74,98,1
82,98,1
87,98,-1
89,98,1
90,98,1
91,98,1
93,98,1
96,98,1
1,99,1
5,99,1
20,99,-1
46,99,1
50,99,-1
51,99,1
63,99,1
66,99,1
71,99,-1
72,99,1
77,99,1
78,99,1
86,99,1
25,100,1
30,100,1
35,100,1
39,100,-1
42,100,1
48,100,1
53,100,1
92,100,1
