13,1,1
45,1,1
56,1,1
71,1,1
75,1,-1
88,1,1
95,1,1
97,1,-1
4,2,1
8,2,1
9,2,1
17,2,-1
27,2,-1
28,2,1
29,2,1
40,2,-1
42,2,1
46,2,-1
49,2,-1
60,2,-1
61,2,1
64,2,1
75,2,-1
96,2,1
15,3,1
24,3,1
27,3,-1
33,3,-1
44,3,1
48,3,1
51,3,1
62,3,1
88,3,1
93,3,-1
9,4,1
14,4,1
23,4,1
33,4,-1
49,4,-1
53,4,1
58,4,-1
59,4,1
64,4,1
67,4,1
69,4,-1
79,4,-1
95,4,1
7,5,1
10,5,1
16,5,1
19,5,1
38,5,1
42,5,1
49,5,-1
69,5,-1
90,5,1
91,5,1
93,5,-1
4,6,1
11,6,1
20,6,1
47,6,1
53,6,1
58,6,-1
60,6,-1
74,6,-1
75,6,-1
87,6,1
89,6,1
3,7,1
11,7,1
19,7,1
22,7,1
33,7,-1
62,7,1
70,7,-1
77,7,1
79,7,-1
80,7,1
87,7,1
88,7,1
98,7,1
28,8,1
57,8,1
58,8,-1
63,8,1
88,8,1
17,9,-1
29,9,1
49,9,-1
67,9,1
95,9,1
99,9,1
5,10,1
11,10,1
12,10,1
13,10,1
18,10,1
47,10,1
50,10,1
71,10,1
84,10,-1
98,10,1
4,11,1
22,11,1
27,11,-1
31,11,1
40,11,-1
41,11,-1
57,11,1
60,11,-1
86,11,1
90,11,1
94,11,-1
36,12,1
42,12,1
43,12,1
47,12,1
50,12,1
52,12,1
58,12,-1
70,12,-1
73,12,-1
75,12,-1
83,12,1
84,12,-1
87,12,1
2,13,1
16,13,1
17,13,-1
29,13,1
32,13,1
49,13,-1
71,13,1
72,13,1
74,13,-1
95,13,1
98,13,1
99,13,1
2,14,1
15,14,1
23,14,1
30,14,1
31,14,1
33,14,-1
35,14,1
40,14,-1
67,14,1
86,14,1
94,14,-1
97,14,-1
5,15,1
7,15,1
9,15,1
14,15,1
16,15,1
17,15,-1
23,15,1
33,15,-1
35,15,1
40,15,-1
48,15,1
49,15,-1
79,15,-1
86,15,1
97,15,-1
3,16,1
11,16,1
31,16,1
32,16,1
35,16,1
36,16,1
42,16,1
44,16,1
51,16,1
86,16,1
94,16,-1
98,16,1
2,17,1
8,17,1
24,17,1
34,17,1
53,17,1
56,17,1
70,17,-1
95,17,1
99,17,1
5,18,1
10,18,1
22,18,1
26,18,1
33,18,-1
50,18,1
55,18,1
65,18,1
75,18,-1
79,18,-1
97,18,-1
23,19,1
28,19,1
33,19,-1
38,19,1
52,19,1
58,19,-1
65,19,1
69,19,-1
70,19,-1
74,19,-1
80,19,1
88,19,1
91,19,1
92,19,-1
4,20,1
6,20,-1
36,20,1
48,20,1
54,20,-1
58,20,-1
64,20,1
72,20,1
77,20,1
85,20,1
89,20,1
18,21,1
22,21,1
26,21,1
41,21,-1
71,21,1
74,21,-1
3,22,1
7,22,1
18,22,1
27,22,-1
33,22,-1
34,22,1
37,22,1
40,22,-1
42,22,1
44,22,1
62,22,1
77,22,1
78,22,1
79,22,-1
80,22,1
86,22,1
87,22,1
88,22,1
97,22,-1
4,23,1
7,23,1
9,23,1
14,23,1
20,23,1
33,23,-1
49,23,-1
59,23,1
64,23,1
67,23,1
73,23,-1
74,23,-1
79,23,-1
80,23,1
88,23,1
91,23,1
95,23,1
100,23,1
5,24,1
14,24,1
19,24,1
33,24,-1
34,24,1
43,24,1
52,24,1
62,24,1
71,24,1
84,24,-1
88,24,1
99,24,1
100,24,1
30,25,1
54,25,-1
55,25,1
62,25,1
66,25,1
73,25,-1
75,25,-1
80,25,1
83,25,1
85,25,1
94,25,-1
97,25,-1
6,26,-1
39,26,1
47,26,1
55,26,1
56,26,1
60,26,-1
71,26,1
74,26,-1
75,26,-1
83,26,1
85,26,1
94,26,-1
98,26,1
5,27,1
6,27,-1
16,27,1
29,27,1
44,27,1
53,27,1
57,27,1
60,27,-1
61,27,1
65,27,1
66,27,1
76,27,1
85,27,1
90,27,1
96,27,1
2,28,1
17,28,-1
40,28,-1
48,28,1
72,28,1
78,28,1
80,28,1
81,28,1
8,29,1
9,29,1
25,29,1
28,29,1
49,29,-1
69,29,-1
77,29,1
81,29,1
83,29,1
1,30,-1
5,30,1
13,30,1
25,30,1
32,30,1
35,30,1
39,30,1
55,30,1
66,30,1
75,30,-1
81,30,1
82,30,1
83,30,1
86,30,1
92,30,-1
97,30,-1
4,31,1
16,31,1
40,31,-1
79,31,-1
86,31,1
95,31,1
98,31,1
8,32,1
39,32,1
52,32,1
98,32,1
7,33,1
14,33,1
23,33,1
35,33,1
37,33,1
46,33,-1
51,33,1
54,33,-1
59,33,1
68,33,-1
74,33,-1
79,33,-1
86,33,1
93,33,-1
3,34,1
17,34,-1
32,34,1
44,34,1
53,34,1
56,34,1
59,34,1
84,34,-1
89,34,1
94,34,-1
99,34,1
14,35,1
36,35,1
53,35,1
62,35,1
69,35,-1
23,36,1
37,36,1
38,36,1
39,36,1
40,36,-1
43,36,1
48,36,1
50,36,1
57,36,1
58,36,-1
61,36,1
63,36,1
64,36,1
68,36,-1
77,36,1
84,36,-1
86,36,1
6,37,-1
20,37,1
38,37,1
41,37,-1
48,37,1
71,37,1
74,37,-1
82,37,1
98,37,1
10,38,1
23,38,1
36,38,1
40,38,-1
42,38,1
61,38,1
65,38,1
74,38,-1
82,38,1
98,38,1
5,39,1
10,39,1
18,39,1
26,39,1
35,39,1
46,39,-1
47,39,1
52,39,1
55,39,1
68,39,-1
74,39,-1
80,39,1
91,39,1
16,40,1
27,40,-1
31,40,1
32,40,1
42,40,1
57,40,1
61,40,1
74,40,-1
79,40,-1
86,40,1
87,40,1
89,40,1
94,40,-1
98,40,1
2,41,1
13,41,1
21,41,1
27,41,-1
47,41,1
51,41,1
66,41,1
72,41,1
74,41,-1
78,41,1
3,42,1
7,42,1
11,42,1
17,42,-1
18,42,1
27,42,-1
28,42,1
32,42,1
37,42,1
38,42,1
40,42,-1
48,42,1
74,42,-1
80,42,1
87,42,1
93,42,-1
98,42,1
5,43,1
12,43,1
19,43,1
24,43,1
25,43,1
29,43,1
33,43,-1
65,43,1
67,43,1
80,43,1
83,43,1
93,43,-1
99,43,1
100,43,1
3,44,1
18,44,1
21,44,1
22,44,1
24,44,1
48,44,1
50,44,1
51,44,1
62,44,1
78,44,1
81,44,1
8,45,1
13,45,1
17,45,-1
18,45,1
22,45,1
25,45,1
27,45,-1
40,45,-1
41,45,-1
42,45,1
44,45,1
50,45,1
65,45,1
76,45,1
81,45,1
82,45,1
85,45,1
90,45,1
94,45,-1
97,45,-1
18,46,1
24,46,1
33,46,-1
35,46,1
41,46,-1
43,46,1
48,46,1
54,46,-1
59,46,1
5,47,1
12,47,1
32,47,1
37,47,1
46,47,-1
55,47,1
63,47,1
68,47,-1
69,47,-1
74,47,-1
75,47,-1
76,47,1
83,47,1
89,47,1
93,47,-1
2,48,1
20,48,1
49,48,-1
78,48,1
87,48,1
93,48,-1
100,48,1
9,49,1
14,49,1
33,49,-1
42,49,1
55,49,1
76,49,1
79,49,-1
89,49,1
91,49,1
95,49,1
96,49,1
3,50,1
4,50,1
7,50,1
8,50,1
12,50,1
34,50,1
48,50,1
52,50,1
64,50,1
66,50,1
70,50,-1
90,50,1
96,50,1
98,50,1
7,51,1
12,51,1
13,51,1
30,51,1
32,51,1
35,51,1
39,51,1
46,51,-1
48,51,1
54,51,-1
55,51,1
70,51,-1
73,51,-1
78,51,1
95,51,1
97,51,-1
8,52,1
45,52,1
47,52,1
55,52,1
58,52,-1
69,52,-1
70,52,-1
83,52,1
93,52,-1
94,52,-1
17,53,-1
29,53,1
31,53,1
50,53,1
62,53,1
63,53,1
69,53,-1
71,53,1
73,53,-1
24,54,1
46,54,-1
59,54,1
71,54,1
78,54,1
85,54,1
91,54,1
92,54,-1
32,55,1
39,55,1
47,55,1
87,55,1
93,55,-1
94,55,-1
97,55,-1
13,56,1
30,56,1
32,56,1
44,56,1
45,56,1
75,56,-1
79,56,-1
81,56,1
83,56,1
88,56,1
91,56,1
16,57,1
19,57,1
31,57,1
36,57,1
38,57,1
40,57,-1
61,57,1
80,57,1
88,57,1
98,57,1
5,58,1
20,58,1
24,58,1
43,58,1
50,58,1
57,58,1
80,58,1
82,58,1
98,58,1
8,59,1
10,59,1
13,59,1
25,59,1
33,59,-1
45,59,1
46,59,-1
47,59,1
50,59,1
54,59,-1
63,59,1
67,59,1
69,59,-1
75,59,-1
76,59,1
84,59,-1
88,59,1
10,60,1
13,60,1
37,60,1
40,60,-1
41,60,-1
45,60,1
70,60,-1
71,60,1
94,60,-1
8,61,1
20,61,1
23,61,1
38,61,1
42,61,1
52,61,1
64,61,1
77,61,1
80,61,1
94,61,-1
16,62,1
31,62,1
33,62,-1
34,62,1
51,62,1
53,62,1
66,62,1
71,62,1
85,62,1
86,62,1
92,62,-1
2,63,1
4,63,1
8,63,1
16,63,1
31,63,1
35,63,1
42,63,1
46,63,-1
51,63,1
57,63,1
61,63,1
64,63,1
68,63,-1
73,63,-1
2,64,1
4,64,1
6,64,-1
8,64,1
9,64,1
11,64,1
14,64,1
23,64,1
36,64,1
41,64,-1
46,64,-1
47,64,1
78,64,1
86,64,1
96,64,1
98,64,1
10,65,1
11,65,1
19,65,1
22,65,1
25,65,1
44,65,1
63,65,1
76,65,1
77,65,1
82,65,1
85,65,1
92,65,-1
96,65,1
13,66,1
18,66,1
21,66,1
22,66,1
24,66,1
44,66,1
46,66,-1
69,66,-1
72,66,1
85,66,1
86,66,1
90,66,1
4,67,1
8,67,1
17,67,-1
33,67,-1
49,67,-1
64,67,1
69,67,-1
79,67,-1
81,67,1
98,67,1
100,67,1
14,68,1
23,68,1
35,68,1
63,68,1
65,68,1
87,68,1
89,68,1
94,68,-1
8,69,1
17,69,-1
23,69,1
24,69,1
28,69,1
34,69,1
36,69,1
43,69,1
46,69,-1
47,69,1
53,69,1
57,69,1
63,69,1
71,69,1
73,69,-1
10,70,1
11,70,1
19,70,1
28,70,1
34,70,1
42,70,1
58,70,-1
62,70,1
80,70,1
88,70,1
92,70,-1
3,71,1
13,71,1
17,71,-1
24,71,1
27,71,-1
39,71,1
53,71,1
58,71,-1
59,71,1
60,71,-1
66,71,1
72,71,1
73,71,-1
90,71,1
95,71,1
99,71,1
2,72,1
5,72,1
6,72,-1
21,72,1
41,72,-1
49,72,-1
54,72,-1
55,72,1
60,72,-1
75,72,-1
93,72,-1
14,73,1
16,73,1
35,73,1
59,73,1
63,73,1
68,73,-1
71,73,1
76,73,1
89,73,1
6,74,-1
10,74,1
11,74,1
27,74,-1
32,74,1
36,74,1
37,74,1
39,74,1
42,74,1
57,74,1
60,74,-1
88,74,1
89,74,1
93,74,-1
98,74,1
20,75,1
36,75,1
37,75,1
42,75,1
47,75,1
48,75,1
55,75,1
56,75,1
74,75,-1
76,75,1
78,75,1
84,75,-1
98,75,1
1,76,-1
4,76,1
10,76,1
44,76,1
50,76,1
52,76,1
56,76,1
59,76,1
68,76,-1
71,76,1
75,76,-1
2,77,1
20,77,1
21,77,1
36,77,1
37,77,1
38,77,1
42,77,1
48,77,1
51,77,1
78,77,1
80,77,1
96,77,1
3,78,1
9,78,1
18,78,1
20,78,1
21,78,1
26,78,1
29,78,1
37,78,1
39,78,1
41,78,-1
44,78,1
46,78,-1
48,78,1
49,78,-1
51,78,1
55,78,1
59,78,1
62,78,1
70,78,-1
76,78,1
77,78,1
90,78,1
96,78,1
1,79,-1
7,79,1
58,79,-1
89,79,1
98,79,1
2,80,1
3,80,1
5,80,1
17,80,-1
19,80,1
20,80,1
29,80,1
43,80,1
52,80,1
58,80,-1
66,80,1
70,80,-1
72,80,1
75,80,-1
81,80,1
88,80,1
91,80,1
1,81,-1
8,81,1
25,81,1
29,81,1
32,81,1
34,81,1
52,81,1
56,81,1
83,81,1
84,81,-1
88,81,1
95,81,1
10,82,1
19,82,1
20,82,1
28,82,1
44,82,1
52,82,1
57,82,1
65,82,1
77,82,1
85,82,1
92,82,-1
97,82,-1
98,82,1
1,83,-1
12,83,1
32,83,1
45,83,1
56,83,1
58,83,-1
65,83,1
81,83,1
85,83,1
92,83,-1
98,83,1
10,84,1
12,84,1
23,84,1
32,84,1
34,84,1
43,84,1
47,84,1
50,84,1
52,84,1
83,84,1
93,84,-1
97,84,-1
99,84,1
5,85,1
11,85,1
15,85,1
21,85,1
25,85,1
41,85,-1
43,85,1
47,85,1
54,85,-1
65,85,1
66,85,1
81,85,1
83,85,1
92,85,-1
96,85,1
4,86,1
5,86,1
10,86,1
15,86,1
35,86,1
40,86,-1
49,86,-1
76,86,1
87,86,1
93,86,-1
97,86,-1
4,87,1
27,87,-1
42,87,1
47,87,1
61,87,1
63,87,1
64,87,1
68,87,-1
73,87,-1
89,87,1
99,87,1
8,88,1
19,88,1
23,88,1
32,88,1
59,88,1
63,88,1
67,88,1
71,88,1
74,88,-1
80,88,1
91,88,1
6,89,-1
8,89,1
9,89,1
10,89,1
13,89,1
15,89,1
16,89,1
19,89,1
20,89,1
23,89,1
37,89,1
42,89,1
49,89,-1
52,89,1
58,89,-1
59,89,1
74,89,-1
86,89,1
93,89,-1
98,89,1
99,89,1
8,90,1
10,90,1
18,90,1
25,90,1
34,90,1
39,90,1
41,90,-1
46,90,-1
53,90,1
54,90,-1
55,90,1
59,90,1
62,90,1
65,90,1
66,90,1
72,90,1
78,90,1
82,90,1
85,90,1
91,90,1
92,90,-1
13,91,1
16,91,1
24,91,1
29,91,1
30,91,1
34,91,1
56,91,1
66,91,1
74,91,-1
82,91,1
83,91,1
92,91,-1
97,91,-1
19,92,1
39,92,1
43,92,1
65,92,1
74,92,-1
83,92,1
87,92,1
91,92,1
96,92,1
2,93,1
12,93,1
15,93,1
19,93,1
28,93,1
35,93,1
39,93,1
42,93,1
46,93,-1
47,93,1
49,93,-1
55,93,1
68,93,-1
70,93,-1
73,93,-1
80,93,1
87,93,1
92,93,-1
14,94,1
30,94,1
31,94,1
34,94,1
35,94,1
57,94,1
59,94,1
70,94,-1
75,94,-1
82,94,1
84,94,-1
91,94,1
93,94,-1
97,94,-1
100,94,1
2,95,1
13,95,1
17,95,-1
29,95,1
32,95,1
41,95,-1
56,95,1
64,95,1
67,95,1
72,95,1
79,95,-1
88,95,1
9,96,1
13,96,1
20,96,1
21,96,1
29,96,1
41,96,-1
43,96,1
48,96,1
53,96,1
65,96,1
68,96,-1
72,96,1
87,96,1
93,96,-1
99,96,1
7,97,1
10,97,1
12,97,1
13,97,1
35,97,1
50,97,1
56,97,1
75,97,-1
79,97,-1
84,97,-1
90,97,1
5,98,1
18,98,1
30,98,1
32,98,1
38,98,1
40,98,-1
42,98,1
45,98,1
94,98,-1
100,98,1
6,99,-1
9,99,1
17,99,-1
20,99,1
22,99,1
34,99,1
46,99,-1
53,99,1
56,99,1
96,99,1
4,100,1
5,100,1
14,100,1
19,100,1
24,100,1
31,100,1
49,100,-1
58,100,-1
59,100,1
69,100,-1
73,100,-1
89,100,1
