4,1,1
12,1,1
22,1,1
51,1,-1
55,1,1
88,1,-1
3,2,1
15,2,1
16,2,1
17,2,1
18,2,-1
25,2,1
60,2,1
71,2,-1
72,2,-1
74,2,1
76,2,1
79,2,1
90,2,1
92,2,-1
98,2,1
100,2,1
2,3,1
24,3,1
59,3,1
60,3,1
72,3,-1
76,3,1
90,3,1
92,3,-1
98,3,1
1,4,1
9,4,1
12,4,1
14,4,1
20,4,1
22,4,1
39,4,1
51,4,-1
55,4,1
57,4,1
65,4,1
71,4,-1
88,4,-1
6,5,-1
7,5,1
23,5,1
27,5,1
43,5,1
44,5,1
48,5,1
50,5,1
64,5,1
86,5,1
97,5,1
99,5,1
45,6,1
46,6,1
52,6,1
54,6,-1
56,6,1
58,6,1
70,6,1
86,6,1
99,6,1
5,7,1
11,7,1
23,7,1
34,7,1
43,7,1
44,7,1
48,7,1
50,7,1
64,7,1
73,7,1
97,7,1
13,8,1
33,8,1
52,8,1
61,8,1
63,8,1
70,8,1
74,8,1
75,8,1
86,8,1
89,8,1
91,8,1
93,8,-1
1,9,1
4,9,1
12,9,1
14,9,1
22,9,1
34,9,1
44,9,1
51,9,-1
65,9,1
73,9,1
88,9,-1
33,10,1
40,10,1
67,10,1
85,10,-1
18,11,-1
35,11,-1
41,11,1
47,11,1
53,11,1
71,11,-1
82,11,-1
96,11,1
97,11,1
100,11,1
1,12,1
4,12,1
9,12,1
14,12,1
22,12,1
39,12,1
51,12,-1
55,12,1
65,12,1
85,12,-1
87,12,1
88,12,-1
8,13,1
33,13,1
42,13,1
61,13,1
69,13,1
74,13,1
75,13,1
89,13,1
93,13,-1
1,14,1
4,14,1
12,14,1
22,14,1
34,14,1
39,14,1
51,14,-1
53,14,1
55,14,1
65,14,1
87,14,1
88,14,-1
16,15,1
17,15,1
18,15,-1
21,15,-1
25,15,1
47,15,1
48,15,1
53,15,1
57,15,1
79,15,1
92,15,-1
100,15,1
2,16,1
17,16,1
18,16,-1
21,16,-1
24,16,1
25,16,1
38,16,-1
45,16,1
56,16,1
59,16,1
65,16,1
72,16,-1
76,16,1
92,16,-1
2,17,1
15,17,1
21,17,-1
24,17,1
25,17,1
59,17,1
60,17,1
72,17,-1
79,17,1
92,17,-1
98,17,1
2,18,1
11,18,1
15,18,1
25,18,1
28,18,1
35,18,-1
41,18,1
47,18,1
53,18,1
57,18,1
61,18,1
71,18,-1
79,18,1
82,18,-1
92,18,-1
96,18,1
100,18,1
12,19,1
26,19,1
38,19,-1
40,19,1
45,19,1
54,19,-1
67,19,1
77,19,1
85,19,-1
14,20,1
22,20,1
25,20,1
29,20,1
32,20,1
35,20,-1
46,20,1
52,20,1
61,20,1
63,20,1
84,20,1
86,20,1
91,20,1
95,20,1
2,21,1
15,21,1
16,21,1
17,21,1
24,21,1
59,21,1
60,21,1
72,21,-1
76,21,1
79,21,1
92,21,-1
98,21,1
100,21,1
1,22,1
4,22,1
9,22,1
12,22,1
15,22,1
51,22,-1
55,22,1
57,22,1
65,22,1
85,22,-1
88,22,-1
5,23,1
6,23,-1
7,23,1
27,23,1
43,23,1
44,23,1
48,23,1
50,23,1
54,23,-1
64,23,1
81,23,1
84,23,1
97,23,1
2,24,1
3,24,1
15,24,1
16,24,1
17,24,1
21,24,-1
59,24,1
60,24,1
72,24,-1
76,24,1
79,24,1
90,24,1
92,24,-1
98,24,1
29,25,1
52,25,1
61,25,1
79,25,1
91,25,1
4,26,1
10,26,1
12,26,1
19,26,1
28,26,1
33,26,1
35,26,-1
38,26,-1
40,26,1
45,26,1
54,26,-1
55,26,1
56,26,1
67,26,1
71,26,-1
77,26,1
85,26,-1
87,26,1
9,27,1
13,27,1
23,27,1
32,27,1
43,27,1
44,27,1
48,27,1
49,27,1
57,27,1
64,27,1
73,27,1
74,27,1
80,27,-1
84,27,1
94,27,1
4,28,1
11,28,1
35,28,-1
40,28,1
47,28,1
53,28,1
57,28,1
71,28,-1
96,28,1
2,29,1
20,29,1
25,29,1
32,29,1
48,29,1
52,29,1
61,29,1
91,29,1
34,30,1
36,30,1
37,30,1
87,30,1
94,30,1
34,31,1
37,31,1
40,31,1
42,31,1
66,31,1
78,31,1
87,31,1
92,31,-1
94,31,1
100,31,1
9,32,1
20,32,1
23,32,1
25,32,1
27,32,1
29,32,1
30,32,1
44,32,1
48,32,1
49,32,1
73,32,1
80,32,-1
84,32,1
8,33,1
10,33,1
13,33,1
28,33,1
31,33,1
34,33,1
36,33,1
40,33,1
42,33,1
66,33,1
67,33,1
69,33,1
74,33,1
87,33,1
93,33,-1
5,34,1
23,34,1
26,34,1
27,34,1
30,34,1
31,34,1
36,34,1
37,34,1
42,34,1
43,34,1
44,34,1
49,34,1
66,34,1
73,34,1
78,34,1
84,34,1
87,34,1
94,34,1
11,35,1
28,35,1
41,35,1
47,35,1
53,35,1
82,35,-1
96,35,1
100,35,1
10,36,1
14,36,1
30,36,1
31,36,1
33,36,1
34,36,1
37,36,1
42,36,1
55,36,1
66,36,1
67,36,1
78,36,1
87,36,1
94,36,1
4,37,1
30,37,1
31,37,1
34,37,1
36,37,1
40,37,1
42,37,1
49,37,1
55,37,1
66,37,1
78,37,1
84,37,1
87,37,1
94,37,1
6,38,-1
10,38,1
19,38,1
26,38,1
40,38,1
45,38,1
54,38,-1
56,38,1
67,38,1
69,38,1
72,38,-1
77,38,1
85,38,-1
88,38,-1
4,39,1
8,39,1
9,39,1
13,39,1
14,39,1
20,39,1
22,39,1
51,39,-1
53,39,1
61,39,1
63,39,1
65,39,1
69,39,1
74,39,1
75,39,1
78,39,1
80,39,-1
83,39,1
88,39,-1
89,39,1
92,39,-1
93,39,-1
95,39,1
10,40,1
26,40,1
30,40,1
31,40,1
33,40,1
36,40,1
45,40,1
66,40,1
67,40,1
77,40,1
85,40,-1
87,40,1
2,41,1
11,41,1
15,41,1
17,41,1
18,41,-1
28,41,1
35,41,-1
47,41,1
92,41,-1
96,41,1
100,41,1
30,42,1
31,42,1
34,42,1
36,42,1
37,42,1
66,42,1
78,42,1
87,42,1
94,42,1
5,43,1
48,43,1
50,43,1
73,43,1
27,44,1
48,44,1
64,44,1
69,44,1
74,44,1
81,44,1
89,44,1
6,45,-1
10,45,1
19,45,1
22,45,1
26,45,1
38,45,-1
40,45,1
54,45,-1
56,45,1
67,45,1
69,45,1
74,45,1
77,45,1
85,45,-1
6,46,-1
29,46,1
32,46,1
52,46,1
56,46,1
61,46,1
63,46,1
70,46,1
75,46,1
86,46,1
91,46,1
11,47,1
18,47,-1
28,47,1
35,47,-1
41,47,1
68,47,1
82,47,-1
85,47,-1
96,47,1
100,47,1
5,48,1
6,48,-1
7,48,1
14,48,1
23,48,1
50,48,1
58,48,1
64,48,1
73,48,1
84,48,1
86,48,1
97,48,1
27,49,1
29,49,1
30,49,1
31,49,1
34,49,1
36,49,1
37,49,1
42,49,1
73,49,1
80,49,-1
84,49,1
87,49,1
94,49,1
100,49,1
5,50,1
6,50,-1
7,50,1
23,50,1
25,50,1
48,50,1
52,50,1
54,50,-1
58,50,1
64,50,1
81,50,1
86,50,1
97,50,1
4,51,1
9,51,1
12,51,1
14,51,1
22,51,1
25,51,1
39,51,1
55,51,1
65,51,1
88,51,-1
6,52,-1
20,52,1
32,52,1
46,52,1
54,52,-1
61,52,1
63,52,1
81,52,1
86,52,1
91,52,1
95,52,1
11,53,1
15,53,1
28,53,1
35,53,-1
41,53,1
47,53,1
57,53,1
68,53,1
71,53,-1
82,53,-1
96,53,1
5,54,1
6,54,-1
38,54,-1
45,54,1
50,54,1
56,54,1
58,54,1
70,54,1
77,54,1
86,54,1
99,54,1
1,55,1
4,55,1
9,55,1
10,55,1
12,55,1
14,55,1
22,55,1
30,55,1
39,55,1
40,55,1
51,55,-1
53,55,1
57,55,1
65,55,1
71,55,-1
78,55,1
85,55,-1
88,55,-1
94,55,1
6,56,-1
13,56,1
19,56,1
22,56,1
32,56,1
38,56,-1
45,56,1
46,56,1
50,56,1
54,56,-1
58,56,1
65,56,1
67,56,1
70,56,1
72,56,-1
77,56,1
85,56,-1
86,56,1
99,56,1
18,57,-1
26,57,1
28,57,1
35,57,-1
41,57,1
68,57,1
71,57,-1
85,57,-1
5,58,1
6,58,-1
23,58,1
38,58,-1
45,58,1
46,58,1
54,58,-1
56,58,1
70,58,1
81,58,1
86,58,1
99,58,1
2,59,1
3,59,1
17,59,1
21,59,-1
24,59,1
40,59,1
65,59,1
72,59,-1
76,59,1
90,59,1
92,59,-1
98,59,1
3,60,1
16,60,1
17,60,1
24,60,1
56,60,1
59,60,1
72,60,-1
76,60,1
79,60,1
90,60,1
92,60,-1
98,60,1
4,61,1
6,61,-1
20,61,1
22,61,1
25,61,1
29,61,1
32,61,1
39,61,1
46,61,1
52,61,1
62,61,1
63,61,1
70,61,1
75,61,1
80,61,-1
83,61,1
86,61,1
91,61,1
94,61,1
95,61,1
2,62,1
17,62,1
18,62,-1
25,62,1
29,62,1
32,62,1
34,62,1
41,62,1
54,62,-1
79,62,1
87,62,1
94,62,1
96,62,1
100,62,1
8,63,1
13,63,1
20,63,1
46,63,1
52,63,1
61,63,1
75,63,1
83,63,1
89,63,1
91,63,1
95,63,1
5,64,1
6,64,-1
7,64,1
23,64,1
27,64,1
34,64,1
43,64,1
48,64,1
50,64,1
73,64,1
86,64,1
1,65,1
4,65,1
9,65,1
12,65,1
15,65,1
22,65,1
51,65,-1
88,65,-1
36,66,1
42,66,1
44,66,1
67,66,1
78,66,1
87,66,1
94,66,1
10,67,1
17,67,1
19,67,1
26,67,1
31,67,1
33,67,1
34,67,1
36,67,1
38,67,-1
40,67,1
42,67,1
45,67,1
66,67,1
77,67,1
85,67,-1
87,67,1
11,68,1
28,68,1
35,68,-1
53,68,1
71,68,-1
96,68,1
8,69,1
13,69,1
20,69,1
27,69,1
39,69,1
44,69,1
65,69,1
73,69,1
74,69,1
80,69,-1
84,69,1
89,69,1
93,69,-1
1,70,1
6,70,-1
22,70,1
40,70,1
45,70,1
46,70,1
48,70,1
52,70,1
54,70,-1
56,70,1
58,70,1
81,70,1
86,70,1
99,70,1
11,71,1
12,71,1
15,71,1
18,71,-1
28,71,1
35,71,-1
53,71,1
57,71,1
68,71,1
72,71,-1
76,71,1
96,71,1
98,71,1
16,72,1
17,72,1
21,72,-1
24,72,1
28,72,1
60,72,1
76,72,1
92,72,-1
98,72,1
100,72,1
5,73,1
23,73,1
27,73,1
43,73,1
44,73,1
50,73,1
80,73,-1
84,73,1
86,73,1
8,74,1
13,74,1
33,74,1
44,74,1
67,74,1
69,74,1
89,74,1
93,74,-1
8,75,1
20,75,1
22,75,1
25,75,1
29,75,1
39,75,1
52,75,1
61,75,1
63,75,1
83,75,1
88,75,-1
89,75,1
91,75,1
93,75,-1
95,75,1
2,76,1
3,76,1
15,76,1
16,76,1
17,76,1
18,76,-1
21,76,-1
24,76,1
59,76,1
60,76,1
72,76,-1
90,76,1
92,76,-1
98,76,1
100,76,1
10,77,1
19,77,1
26,77,1
38,77,-1
40,77,1
45,77,1
54,77,-1
58,77,1
67,77,1
74,77,1
85,77,-1
14,78,1
30,78,1
31,78,1
34,78,1
36,78,1
40,78,1
42,78,1
55,78,1
66,78,1
87,78,1
94,78,1
2,79,1
17,79,1
21,79,-1
47,79,1
62,79,1
71,79,-1
72,79,-1
92,79,-1
98,79,1
100,79,1
27,80,1
32,80,1
34,80,1
44,80,1
69,80,1
73,80,1
74,80,1
84,80,1
89,80,1
5,81,1
6,81,-1
7,81,1
23,81,1
25,81,1
27,81,1
32,81,1
44,81,1
48,81,1
54,81,-1
62,81,1
64,81,1
73,81,1
86,81,1
97,81,1
11,82,1
28,82,1
35,82,-1
38,82,-1
41,82,1
47,82,1
53,82,1
68,82,1
71,82,-1
79,82,1
96,82,1
100,82,1
14,83,1
20,83,1
25,83,1
29,83,1
32,83,1
39,83,1
46,83,1
52,83,1
61,83,1
62,83,1
63,83,1
75,83,1
91,83,1
95,83,1
5,84,1
20,84,1
23,84,1
27,84,1
29,84,1
32,84,1
44,84,1
48,84,1
49,84,1
62,84,1
73,84,1
80,84,-1
94,84,1
10,85,1
19,85,1
26,85,1
28,85,1
35,85,-1
38,85,-1
40,85,1
41,85,1
45,85,1
77,85,1
95,85,1
6,86,-1
29,86,1
46,86,1
48,86,1
50,86,1
52,86,1
54,86,-1
58,86,1
62,86,1
70,86,1
81,86,1
10,87,1
30,87,1
31,87,1
33,87,1
36,87,1
40,87,1
42,87,1
66,87,1
1,88,1
4,88,1
9,88,1
12,88,1
22,88,1
39,88,1
51,88,-1
55,88,1
71,88,-1
8,89,1
13,89,1
33,89,1
39,89,1
44,89,1
52,89,1
61,89,1
63,89,1
69,89,1
74,89,1
75,89,1
80,89,-1
83,89,1
86,89,1
91,89,1
93,89,-1
95,89,1
2,90,1
3,90,1
17,90,1
24,90,1
25,90,1
30,90,1
59,90,1
60,90,1
72,90,-1
76,90,1
79,90,1
92,90,-1
98,90,1
6,91,-1
8,91,1
20,91,1
29,91,1
39,91,1
46,91,1
52,91,1
61,91,1
63,91,1
75,91,1
86,91,1
95,91,1
17,92,1
21,92,-1
24,92,1
25,92,1
62,92,1
72,92,-1
76,92,1
79,92,1
98,92,1
100,92,1
8,93,1
13,93,1
33,93,1
44,93,1
65,93,1
69,93,1
74,93,1
80,93,-1
83,93,1
88,93,-1
89,93,1
30,94,1
34,94,1
36,94,1
37,94,1
42,94,1
49,94,1
66,94,1
87,94,1
8,95,1
13,95,1
20,95,1
22,95,1
25,95,1
29,95,1
32,95,1
39,95,1
46,95,1
52,95,1
61,95,1
63,95,1
75,95,1
83,95,1
89,95,1
91,95,1
93,95,-1
11,96,1
15,96,1
18,96,-1
28,96,1
35,96,-1
41,96,1
47,96,1
53,96,1
57,96,1
68,96,1
71,96,-1
72,96,-1
79,96,1
82,96,-1
85,96,-1
100,96,1
5,97,1
7,97,1
23,97,1
28,97,1
34,97,1
35,97,-1
41,97,1
43,97,1
44,97,1
48,97,1
50,97,1
57,97,1
64,97,1
73,97,1
84,97,1
3,98,1
17,98,1
21,98,-1
24,98,1
59,98,1
60,98,1
67,98,1
72,98,-1
76,98,1
90,98,1
92,98,-1
5,99,1
6,99,-1
38,99,-1
44,99,1
45,99,1
48,99,1
50,99,1
54,99,-1
56,99,1
58,99,1
70,99,1
77,99,1
86,99,1
18,100,-1
28,100,1
41,100,1
47,100,1
92,100,-1
