9,1,1
12,1,1
26,1,-1
42,1,1
49,1,1
62,1,1
64,1,1
68,1,1
80,1,1
81,1,1
99,1,1
5,2,1
20,2,1
23,2,1
34,2,1
42,2,1
50,2,1
55,2,1
58,2,1
59,2,1
68,2,1
79,2,1
87,2,1
88,2,1
94,2,1
2,3,-1
4,3,1
23,3,1
31,3,1
54,3,1
61,3,-1
71,3,1
84,3,1
89,3,1
91,3,1
98,3,1
7,4,-1
9,4,1
10,4,1
19,4,1
32,4,1
39,4,1
49,4,1
51,4,1
54,4,1
65,4,1
73,4,1
77,4,-1
93,4,1
100,4,1
11,5,1
18,5,1
31,5,1
44,5,1
56,5,-1
85,5,1
86,5,1
91,5,1
92,5,1
4,6,1
5,6,1
29,6,1
30,6,1
36,6,1
37,6,-1
41,6,1
43,6,1
46,6,1
69,6,1
75,6,1
93,6,1
100,6,1
5,7,1
39,7,1
40,7,-1
50,7,1
51,7,1
53,7,1
67,7,1
71,7,1
85,7,1
99,7,1
15,8,1
18,8,1
25,8,1
29,8,1
33,8,-1
37,8,-1
44,8,1
68,8,1
86,8,1
89,8,1
95,8,1
14,9,1
23,9,1
36,9,1
38,9,1
47,9,1
65,9,1
75,9,1
81,9,1
95,9,1
96,9,1
98,9,1
100,9,1
16,10,1
18,10,1
41,10,1
46,10,1
48,10,1
49,10,1
53,10,1
62,10,1
66,10,1
82,10,1
93,10,1
95,10,1
21,11,-1
28,11,1
56,11,-1
57,11,1
62,11,1
65,11,1
66,11,1
67,11,1
74,11,1
75,11,1
78,11,1
80,11,1
93,11,1
100,11,1
1,12,1
5,12,1
44,12,1
53,12,1
81,12,1
86,12,1
96,12,1
2,13,-1
25,13,1
29,13,1
41,13,1
51,13,1
57,13,1
58,13,1
62,13,1
70,13,1
71,13,1
74,13,1
100,13,1
7,14,-1
9,14,1
28,14,1
41,14,1
53,14,1
65,14,1
69,14,1
74,14,1
81,14,1
82,14,1
85,14,1
87,14,1
89,14,1
92,14,1
9,15,1
10,15,1
16,15,1
42,15,1
48,15,1
52,15,1
53,15,1
54,15,1
61,15,-1
75,15,1
78,15,1
86,15,1
87,15,1
94,15,1
3,16,1
6,16,1
17,16,-1
22,16,1
23,16,1
24,16,-1
26,16,-1
52,16,1
59,16,1
60,16,-1
64,16,1
66,16,1
73,16,1
4,17,1
24,17,-1
31,17,1
37,17,-1
46,17,1
61,17,-1
69,17,1
75,17,1
83,17,1
92,17,1
100,17,1
2,18,-1
25,18,1
28,18,1
52,18,1
61,18,-1
69,18,1
77,18,-1
90,18,1
92,18,1
10,19,1
15,19,1
18,19,1
32,19,1
35,19,1
36,19,1
52,19,1
57,19,1
58,19,1
60,19,-1
71,19,1
72,19,1
73,19,1
84,19,1
92,19,1
3,20,1
6,20,1
32,20,1
33,20,-1
68,20,1
79,20,1
82,20,1
94,20,1
7,21,-1
16,21,1
20,21,1
30,21,1
31,21,1
37,21,-1
53,21,1
66,21,1
69,21,1
78,21,1
91,21,1
5,22,1
6,22,1
15,22,1
26,22,-1
29,22,1
66,22,1
75,22,1
77,22,-1
83,22,1
87,22,1
91,22,1
92,22,1
8,23,1
9,23,1
10,23,1
16,23,1
18,23,1
20,23,1
32,23,1
46,23,1
61,23,-1
78,23,1
79,23,1
88,23,1
95,23,1
4,24,1
5,24,1
16,24,1
18,24,1
21,24,-1
22,24,1
27,24,1
40,24,-1
51,24,1
52,24,1
67,24,1
70,24,1
73,24,1
74,24,1
98,24,1
11,25,1
21,25,-1
22,25,1
48,25,1
65,25,1
66,25,1
79,25,1
94,25,1
96,25,1
4,26,1
9,26,1
11,26,1
18,26,1
36,26,1
43,26,1
51,26,1
58,26,1
64,26,1
65,26,1
66,26,1
69,26,1
71,26,1
72,26,1
75,26,1
76,26,1
78,26,1
79,26,1
82,26,1
86,26,1
25,27,1
47,27,1
72,27,1
84,27,1
87,27,1
15,28,1
40,28,-1
50,28,1
59,28,1
60,28,-1
64,28,1
66,28,1
67,28,1
77,28,-1
84,28,1
96,28,1
8,29,1
14,29,1
20,29,1
24,29,-1
59,29,1
81,29,1
89,29,1
97,29,1
4,30,1
10,30,1
21,30,-1
27,30,1
36,30,1
46,30,1
50,30,1
52,30,1
59,30,1
65,30,1
66,30,1
69,30,1
74,30,1
81,30,1
89,30,1
2,31,-1
6,31,1
21,31,-1
33,31,-1
36,31,1
56,31,-1
59,31,1
71,31,1
72,31,1
82,31,1
83,31,1
93,31,1
98,31,1
2,32,-1
7,32,-1
11,32,1
17,32,-1
18,32,1
25,32,1
90,32,1
97,32,1
99,32,1
1,33,1
6,33,1
7,33,-1
8,33,1
9,33,1
11,33,1
14,33,1
21,33,-1
38,33,1
46,33,1
55,33,1
56,33,-1
70,33,1
85,33,1
88,33,1
13,34,1
26,34,-1
27,34,1
28,34,1
33,34,-1
43,34,1
44,34,1
48,34,1
63,34,1
65,34,1
75,34,1
93,34,1
98,34,1
2,35,-1
9,35,1
16,35,1
21,35,-1
28,35,1
30,35,1
37,35,-1
45,35,1
48,35,1
60,35,-1
75,35,1
77,35,-1
81,35,1
97,35,1
2,36,-1
7,36,-1
11,36,1
19,36,1
20,36,1
24,36,-1
25,36,1
38,36,1
44,36,1
46,36,1
49,36,1
63,36,1
68,36,1
69,36,1
70,36,1
85,36,1
86,36,1
90,36,1
91,36,1
96,36,1
97,36,1
99,36,1
10,37,1
11,37,1
13,37,1
22,37,1
27,37,1
32,37,1
34,37,1
38,37,1
47,37,1
48,37,1
53,37,1
61,37,-1
75,37,1
97,37,1
9,38,1
27,38,1
57,38,1
59,38,1
61,38,-1
69,38,1
78,38,1
97,38,1
7,39,-1
15,39,1
21,39,-1
28,39,1
32,39,1
51,39,1
55,39,1
59,39,1
67,39,1
70,39,1
75,39,1
78,39,1
82,39,1
3,40,1
21,40,-1
35,40,1
53,40,1
83,40,1
90,40,1
94,40,1
1,41,1
4,41,1
6,41,1
33,41,-1
44,41,1
50,41,1
68,41,1
71,41,1
75,41,1
79,41,1
14,42,1
19,42,1
33,42,-1
63,42,1
64,42,1
75,42,1
76,42,1
77,42,-1
79,42,1
84,42,1
98,42,1
20,43,1
22,43,1
27,43,1
40,43,-1
41,43,1
70,43,1
81,43,1
82,43,1
84,43,1
4,44,1
20,44,1
52,44,1
53,44,1
57,44,1
64,44,1
78,44,1
82,44,1
84,44,1
87,44,1
94,44,1
14,45,1
18,45,1
32,45,1
39,45,1
67,45,1
80,45,1
86,45,1
11,46,1
35,46,1
38,46,1
40,46,-1
44,46,1
54,46,1
57,46,1
64,46,1
74,46,1
76,46,1
91,46,1
95,46,1
3,47,1
7,47,-1
15,47,1
17,47,-1
32,47,1
35,47,1
56,47,-1
59,47,1
65,47,1
86,47,1
94,47,1
7,48,-1
26,48,-1
30,48,1
61,48,-1
66,48,1
68,48,1
77,48,-1
82,48,1
90,48,1
2,49,-1
8,49,1
21,49,-1
28,49,1
37,49,-1
44,49,1
47,49,1
52,49,1
59,49,1
70,49,1
79,49,1
89,49,1
92,49,1
13,50,1
16,50,1
17,50,-1
25,50,1
29,50,1
34,50,1
36,50,1
44,50,1
70,50,1
72,50,1
82,50,1
86,50,1
97,50,1
10,51,1
11,51,1
23,51,1
33,51,-1
44,51,1
57,51,1
64,51,1
72,51,1
76,51,1
83,51,1
84,51,1
89,51,1
96,51,1
97,51,1
98,51,1
2,52,-1
10,52,1
24,52,-1
25,52,1
28,52,1
32,52,1
35,52,1
36,52,1
55,52,1
57,52,1
64,52,1
67,52,1
71,52,1
79,52,1
83,52,1
93,52,1
1,53,1
10,53,1
16,53,1
20,53,1
24,53,-1
29,53,1
67,53,1
70,53,1
77,53,-1
79,53,1
80,53,1
88,53,1
92,53,1
95,53,1
11,54,1
14,54,1
27,54,1
34,54,1
35,54,1
57,54,1
58,54,1
67,54,1
80,54,1
82,54,1
94,54,1
96,54,1
14,55,1
26,55,-1
39,55,1
40,55,-1
45,55,1
56,55,-1
77,55,-1
86,55,1
88,55,1
2,56,-1
5,56,1
6,56,1
17,56,-1
20,56,1
22,56,1
44,56,1
55,56,1
65,56,1
73,56,1
76,56,1
83,56,1
84,56,1
86,56,1
3,57,1
25,57,1
35,57,1
37,57,-1
50,57,1
53,57,1
55,57,1
59,57,1
77,57,-1
86,57,1
94,57,1
98,57,1
22,58,1
26,58,-1
28,58,1
30,58,1
36,58,1
40,58,-1
52,58,1
62,58,1
65,58,1
74,58,1
81,58,1
94,58,1
95,58,1
3,59,1
6,59,1
31,59,1
37,59,-1
39,59,1
42,59,1
49,59,1
63,59,1
64,59,1
99,59,1
19,60,1
24,60,-1
30,60,1
43,60,1
47,60,1
63,60,1
70,60,1
1,61,1
4,61,1
7,61,-1
28,61,1
35,61,1
39,61,1
43,61,1
47,61,1
53,61,1
56,61,-1
80,61,1
83,61,1
87,61,1
98,61,1
100,61,1
1,62,1
16,62,1
20,62,1
28,62,1
36,62,1
42,62,1
52,62,1
70,62,1
89,62,1
10,63,1
36,63,1
43,63,1
52,63,1
53,63,1
70,63,1
79,63,1
82,63,1
89,63,1
94,63,1
1,64,1
3,64,1
29,64,1
39,64,1
42,64,1
63,64,1
76,64,1
82,64,1
86,64,1
94,64,1
96,64,1
97,64,1
10,65,1
21,65,-1
22,65,1
23,65,1
38,65,1
57,65,1
60,65,-1
69,65,1
75,65,1
79,65,1
80,65,1
12,66,1
13,66,1
29,66,1
59,66,1
69,66,1
73,66,1
76,66,1
1,67,1
7,67,-1
17,67,-1
18,67,1
20,67,1
23,67,1
32,67,1
34,67,1
47,67,1
48,67,1
58,67,1
64,67,1
77,67,-1
79,67,1
5,68,1
15,68,1
17,68,-1
34,68,1
35,68,1
38,68,1
40,68,-1
43,68,1
47,68,1
52,68,1
61,68,-1
64,68,1
66,68,1
67,68,1
100,68,1
22,69,1
31,69,1
81,69,1
82,69,1
99,69,1
19,70,1
26,70,-1
27,70,1
44,70,1
55,70,1
58,70,1
60,70,-1
66,70,1
77,70,-1
79,70,1
94,70,1
95,70,1
2,71,-1
12,71,1
59,71,1
63,71,1
91,71,1
92,71,1
5,72,1
9,72,1
10,72,1
29,72,1
39,72,1
42,72,1
43,72,1
52,72,1
66,72,1
80,72,1
82,72,1
89,72,1
23,73,1
28,73,1
32,73,1
43,73,1
49,73,1
57,73,1
72,73,1
82,73,1
86,73,1
87,73,1
2,74,-1
10,74,1
13,74,1
17,74,-1
31,74,1
32,74,1
51,74,1
52,74,1
59,74,1
76,74,1
5,75,1
10,75,1
13,75,1
15,75,1
20,75,1
31,75,1
39,75,1
51,75,1
60,75,-1
65,75,1
84,75,1
96,75,1
5,76,1
27,76,1
29,76,1
39,76,1
41,76,1
46,76,1
71,76,1
77,76,-1
81,76,1
1,77,1
11,77,1
21,77,-1
44,77,1
47,77,1
52,77,1
53,77,1
64,77,1
70,77,1
83,77,1
97,77,1
3,78,1
10,78,1
11,78,1
14,78,1
18,78,1
23,78,1
41,78,1
81,78,1
84,78,1
94,78,1
100,78,1
5,79,1
7,79,-1
10,79,1
11,79,1
22,79,1
26,79,-1
42,79,1
50,79,1
52,79,1
59,79,1
64,79,1
74,79,1
85,79,1
100,79,1
6,80,1
18,80,1
23,80,1
25,80,1
28,80,1
44,80,1
46,80,1
50,80,1
65,80,1
70,80,1
71,80,1
72,80,1
87,80,1
3,81,1
6,81,1
7,81,-1
11,81,1
36,81,1
37,81,-1
43,81,1
51,81,1
69,81,1
82,81,1
93,81,1
10,82,1
15,82,1
18,82,1
19,82,1
21,82,-1
43,82,1
50,82,1
57,82,1
72,82,1
79,82,1
86,82,1
88,82,1
2,83,-1
6,83,1
11,83,1
14,83,1
38,83,1
46,83,1
48,83,1
61,83,-1
72,83,1
78,83,1
88,83,1
90,83,1
96,83,1
97,83,1
3,84,1
14,84,1
39,84,1
46,84,1
49,84,1
66,84,1
72,84,1
78,84,1
93,84,1
94,84,1
97,84,1
3,85,1
5,85,1
9,85,1
13,85,1
19,85,1
27,85,1
29,85,1
32,85,1
52,85,1
56,85,-1
59,85,1
62,85,1
64,85,1
69,85,1
95,85,1
12,86,1
22,86,1
29,86,1
48,86,1
54,86,1
61,86,-1
89,86,1
92,86,1
95,86,1
98,86,1
99,86,1
13,87,1
18,87,1
25,87,1
26,87,-1
40,87,-1
46,87,1
60,87,-1
69,87,1
71,87,1
85,87,1
89,87,1
95,87,1
98,87,1
11,88,1
20,88,1
31,88,1
58,88,1
59,88,1
76,88,1
84,88,1
99,88,1
13,89,1
15,89,1
24,89,-1
33,89,-1
34,89,1
40,89,-1
47,89,1
53,89,1
59,89,1
66,89,1
69,89,1
80,89,1
84,89,1
94,89,1
3,90,1
12,90,1
18,90,1
31,90,1
49,90,1
53,90,1
69,90,1
9,91,1
23,91,1
37,91,-1
45,91,1
50,91,1
55,91,1
56,91,-1
58,91,1
61,91,-1
65,91,1
84,91,1
87,91,1
95,91,1
18,92,1
22,92,1
38,92,1
41,92,1
45,92,1
69,92,1
74,92,1
80,92,1
88,92,1
1,93,1
20,93,1
23,93,1
53,93,1
59,93,1
63,93,1
73,93,1
74,93,1
77,93,-1
96,93,1
98,93,1
1,94,1
20,94,1
29,94,1
31,94,1
38,94,1
42,94,1
44,94,1
47,94,1
50,94,1
55,94,1
63,94,1
68,94,1
79,94,1
6,95,1
12,95,1
16,95,1
38,95,1
48,95,1
49,95,1
57,95,1
79,95,1
84,95,1
90,95,1
94,95,1
96,95,1
8,96,1
10,96,1
11,96,1
12,96,1
20,96,1
21,96,-1
53,96,1
59,96,1
67,96,1
69,96,1
76,96,1
82,96,1
86,96,1
87,96,1
88,96,1
8,97,1
17,97,-1
26,97,-1
30,97,1
51,97,1
54,97,1
74,97,1
77,97,-1
91,97,1
8,98,1
18,98,1
19,98,1
23,98,1
24,98,-1
48,98,1
60,98,-1
64,98,1
65,98,1
74,98,1
79,98,1
81,98,1
89,98,1
90,98,1
13,99,1
25,99,1
27,99,1
31,99,1
35,99,1
37,99,-1
52,99,1
54,99,1
80,99,1
88,99,1
95,99,1
96,99,1
1,100,1
11,100,1
13,100,1
18,100,1
27,100,1
30,100,1
31,100,1
56,100,-1
58,100,1
63,100,1
67,100,1
73,100,1
75,100,1
86,100,1
97,100,1
99,100,1
