7,1,1
16,1,-1
17,1,1
23,1,-1
28,1,1
40,1,-1
46,1,1
47,1,1
49,1,1
61,1,1
71,1,1
79,1,1
94,1,1
99,1,-1
100,1,-1
21,2,1
36,2,1
50,2,1
51,2,1
52,2,1
60,2,1
70,2,1
72,2,1
87,2,1
12,3,1
26,3,1
32,3,1
43,3,1
47,3,1
62,3,-1
76,3,1
23,4,-1
26,4,1
30,4,-1
33,4,1
34,4,1
37,4,1
42,4,1
44,4,1
67,4,1
77,4,1
79,4,1
82,4,1
83,4,1
93,4,1
1,5,1
4,5,1
6,5,1
17,5,1
23,5,-1
38,5,1
40,5,-1
47,5,1
48,5,-1
85,5,1
94,5,1
3,6,1
18,6,1
28,6,1
38,6,1
40,6,-1
42,6,1
47,6,1
50,6,1
72,6,1
76,6,1
85,6,1
86,6,1
88,6,1
94,6,1
95,6,1
13,7,1
16,7,-1
19,7,1
31,7,1
47,7,1
57,7,1
59,7,1
69,7,1
74,7,1
91,7,-1
93,7,1
14,8,1
31,8,1
34,8,1
41,8,1
46,8,1
76,8,1
92,8,1
95,8,1
98,8,-1
3,9,1
8,9,1
26,9,1
32,9,1
34,9,1
37,9,1
48,9,-1
62,9,-1
69,9,1
70,9,1
73,9,1
77,9,1
83,9,1
89,9,1
95,9,1
3,10,1
29,10,1
30,10,-1
35,10,1
57,10,1
91,10,-1
1,11,1
8,11,1
12,11,1
46,11,1
79,11,1
97,11,1
98,11,-1
1,12,1
8,12,1
9,12,1
11,12,1
14,12,1
17,12,1
22,12,1
33,12,1
36,12,1
43,12,1
46,12,1
49,12,1
53,12,1
63,12,1
69,12,1
73,12,1
75,12,-1
87,12,1
96,12,1
97,12,1
99,12,-1
8,13,1
15,13,1
21,13,1
25,13,1
38,13,1
46,13,1
54,13,1
66,13,1
74,13,1
75,13,-1
80,13,1
90,13,-1
8,14,1
11,14,1
27,14,1
31,14,1
46,14,1
58,14,-1
71,14,1
84,14,1
97,14,1
4,15,1
8,15,1
13,15,1
21,15,1
25,15,1
26,15,1
36,15,1
37,15,1
42,15,1
46,15,1
55,15,1
66,15,1
67,15,1
89,15,1
97,15,1
98,15,-1
1,16,1
11,16,1
13,16,1
42,16,1
47,16,1
54,16,1
61,16,1
63,16,1
72,16,1
74,16,1
1,17,1
11,17,1
23,17,-1
45,17,-1
49,17,1
57,17,1
84,17,1
96,17,1
97,17,1
100,17,-1
6,18,1
12,18,1
26,18,1
28,18,1
32,18,1
33,18,1
37,18,1
42,18,1
57,18,1
73,18,1
87,18,1
88,18,1
99,18,-1
2,19,1
4,19,1
8,19,1
17,19,1
23,19,-1
30,19,-1
32,19,1
34,19,1
36,19,1
44,19,1
50,19,1
54,19,1
69,19,1
74,19,1
80,19,1
5,20,1
7,20,1
17,20,1
23,20,-1
31,20,1
83,20,1
85,20,1
13,21,1
15,21,1
16,21,-1
18,21,1
46,21,1
50,21,1
51,21,1
55,21,1
86,21,1
92,21,1
11,22,1
23,22,-1
50,22,1
51,22,1
52,22,1
54,22,1
58,22,-1
74,22,1
83,22,1
88,22,1
7,23,1
13,23,1
14,23,1
17,23,1
31,23,1
47,23,1
68,23,-1
78,23,1
92,23,1
93,23,1
95,23,1
96,23,1
2,24,1
30,24,-1
43,24,1
48,24,-1
53,24,1
60,24,1
68,24,-1
76,24,1
89,24,1
19,25,1
42,25,1
47,25,1
50,25,1
64,25,1
74,25,1
95,25,1
3,26,1
17,26,1
19,26,1
32,26,1
44,26,1
62,26,-1
75,26,-1
89,26,1
93,26,1
94,26,1
96,26,1
97,26,1
98,26,-1
8,27,1
24,27,1
25,27,1
36,27,1
39,27,-1
53,27,1
61,27,1
71,27,1
86,27,1
12,28,1
15,28,1
18,28,1
29,28,1
32,28,1
40,28,-1
44,28,1
49,28,1
52,28,1
70,28,1
77,28,1
94,28,1
8,29,1
25,29,1
27,29,1
44,29,1
61,29,1
64,29,1
77,29,1
86,29,1
94,29,1
99,29,-1
8,30,1
17,30,1
26,30,1
35,30,1
41,30,1
43,30,1
68,30,-1
71,30,1
79,30,1
81,30,1
89,30,1
91,30,-1
4,31,1
5,31,1
11,31,1
12,31,1
20,31,1
22,31,1
23,31,-1
34,31,1
43,31,1
46,31,1
68,31,-1
93,31,1
1,32,1
21,32,1
34,32,1
37,32,1
40,32,-1
85,32,1
92,32,1
94,32,1
99,32,-1
1,33,1
8,33,1
9,33,1
13,33,1
25,33,1
26,33,1
41,33,1
50,33,1
65,33,-1
73,33,1
75,33,-1
76,33,1
82,33,1
3,34,1
33,34,1
37,34,1
40,34,-1
46,34,1
72,34,1
93,34,1
6,35,1
17,35,1
18,35,1
26,35,1
33,35,1
50,35,1
52,35,1
57,35,1
77,35,1
83,35,1
85,35,1
86,35,1
94,35,1
99,35,-1
1,36,1
13,36,1
16,36,-1
17,36,1
21,36,1
23,36,-1
25,36,1
37,36,1
54,36,1
55,36,1
59,36,1
61,36,1
66,36,1
68,36,-1
89,36,1
91,36,-1
92,36,1
26,37,1
28,37,1
30,37,-1
42,37,1
62,37,-1
70,37,1
92,37,1
5,38,1
10,38,-1
17,38,1
20,38,1
48,38,-1
49,38,1
55,38,1
70,38,1
71,38,1
74,38,1
78,38,1
80,38,1
83,38,1
85,38,1
86,38,1
92,38,1
100,38,-1
2,39,1
5,39,1
9,39,1
18,39,1
24,39,1
48,39,-1
55,39,1
67,39,1
70,39,1
71,39,1
73,39,1
87,39,1
89,39,1
3,40,1
4,40,1
18,40,1
26,40,1
28,40,1
79,40,1
82,40,1
88,40,1
98,40,-1
17,41,1
45,41,-1
57,41,1
68,41,-1
77,41,1
96,41,1
4,42,1
9,42,1
15,42,1
26,42,1
43,42,1
56,42,1
62,42,-1
63,42,1
66,42,1
76,42,1
83,42,1
88,42,1
90,42,-1
95,42,1
98,42,-1
2,43,1
8,43,1
14,43,1
51,43,1
53,43,1
65,43,-1
68,43,-1
81,43,1
87,43,1
89,43,1
98,43,-1
1,44,1
7,44,1
17,44,1
23,44,-1
28,44,1
32,44,1
34,44,1
37,44,1
82,44,1
94,44,1
8,45,1
12,45,1
14,45,1
23,45,-1
33,45,1
50,45,1
69,45,1
77,45,1
85,45,1
86,45,1
87,45,1
93,45,1
96,45,1
8,46,1
10,46,-1
12,46,1
16,46,-1
31,46,1
42,46,1
43,46,1
53,46,1
70,46,1
94,46,1
97,46,1
1,47,1
7,47,1
19,47,1
29,47,1
32,47,1
42,47,1
68,47,-1
76,47,1
79,47,1
86,47,1
94,47,1
100,47,-1
3,48,1
9,48,1
10,48,-1
24,48,1
29,48,1
39,48,-1
42,48,1
49,48,1
60,48,1
64,48,1
65,48,-1
72,48,1
82,48,1
5,49,1
6,49,1
9,49,1
40,49,-1
58,49,-1
64,49,1
71,49,1
88,49,1
3,50,1
4,50,1
25,50,1
27,50,1
33,50,1
35,50,1
42,50,1
52,50,1
63,50,1
69,50,1
72,50,1
73,50,1
82,50,1
83,50,1
90,50,-1
95,50,1
2,51,1
20,51,1
31,51,1
43,51,1
45,51,-1
48,51,-1
55,51,1
60,51,1
63,51,1
72,51,1
83,51,1
85,51,1
87,51,1
93,51,1
2,52,1
7,52,1
14,52,1
17,52,1
19,52,1
22,52,1
23,52,-1
27,52,1
50,52,1
51,52,1
63,52,1
69,52,1
78,52,1
80,52,1
84,52,1
2,53,1
10,53,-1
11,53,1
14,53,1
19,53,1
27,53,1
30,53,-1
31,53,1
48,53,-1
56,53,1
73,53,1
74,53,1
84,53,1
86,53,1
87,53,1
97,53,1
2,54,1
15,54,1
19,54,1
25,54,1
31,54,1
34,54,1
36,54,1
37,54,1
44,54,1
52,54,1
74,54,1
5,55,1
21,55,1
46,55,1
54,55,1
70,55,1
78,55,1
85,55,1
86,55,1
87,55,1
95,55,1
11,56,1
12,56,1
13,56,1
16,56,-1
17,56,1
18,56,1
28,56,1
29,56,1
36,56,1
43,56,1
46,56,1
59,56,1
79,56,1
87,56,1
92,56,1
7,57,1
9,57,1
10,57,-1
20,57,1
24,57,1
33,57,1
34,57,1
35,57,1
42,57,1
45,57,-1
49,57,1
50,57,1
60,57,1
65,57,-1
66,57,1
69,57,1
83,57,1
40,58,-1
41,58,1
45,58,-1
57,58,1
69,58,1
71,58,1
84,58,1
85,58,1
95,58,1
96,58,1
7,59,1
13,59,1
27,59,1
29,59,1
36,59,1
47,59,1
68,59,-1
74,59,1
79,59,1
91,59,-1
2,60,1
11,60,1
24,60,1
26,60,1
41,60,1
43,60,1
48,60,-1
51,60,1
68,60,-1
72,60,1
98,60,-1
24,61,1
32,61,1
40,61,-1
43,61,1
54,61,1
71,61,1
87,61,1
90,61,-1
94,61,1
100,61,-1
9,62,1
10,62,-1
15,62,1
26,62,1
28,62,1
30,62,-1
33,62,1
42,62,1
48,62,-1
49,62,1
50,62,1
65,62,-1
76,62,1
77,62,1
78,62,1
82,62,1
93,62,1
98,62,-1
4,63,1
13,63,1
22,63,1
25,63,1
27,63,1
31,63,1
46,63,1
50,63,1
61,63,1
72,63,1
80,63,1
83,63,1
20,64,1
29,64,1
30,64,-1
41,64,1
51,64,1
58,64,-1
71,64,1
9,65,1
15,65,1
30,65,-1
42,65,1
60,65,1
62,65,-1
66,65,1
68,65,-1
82,65,1
83,65,1
89,65,1
15,66,1
17,66,1
21,66,1
25,66,1
36,66,1
41,66,1
54,66,1
55,66,1
58,66,-1
74,66,1
80,66,1
84,66,1
93,66,1
96,66,1
25,67,1
26,67,1
30,67,-1
42,67,1
47,67,1
50,67,1
63,67,1
68,67,-1
80,67,1
83,67,1
90,67,-1
93,67,1
95,67,1
12,68,1
43,68,1
67,68,1
89,68,1
14,69,1
19,69,1
20,69,1
21,69,1
25,69,1
29,69,1
34,69,1
38,69,1
40,69,-1
50,69,1
54,69,1
70,69,1
79,69,1
80,69,1
19,70,1
56,70,1
71,70,1
74,70,1
80,70,1
88,70,1
95,70,1
96,70,1
5,71,1
20,71,1
24,71,1
38,71,1
49,71,1
58,71,-1
66,71,1
78,71,1
83,71,1
11,72,1
20,72,1
23,72,-1
41,72,1
42,72,1
47,72,1
51,72,1
74,72,1
80,72,1
83,72,1
95,72,1
98,72,-1
3,73,1
6,73,1
8,73,1
14,73,1
26,73,1
31,73,1
42,73,1
48,73,-1
50,73,1
58,73,-1
63,73,1
69,73,1
78,73,1
97,73,1
2,74,1
13,74,1
19,74,1
20,74,1
27,74,1
29,74,1
44,74,1
50,74,1
52,74,1
63,74,1
69,74,1
75,74,-1
76,74,1
80,74,1
81,74,1
82,74,1
83,74,1
90,74,-1
3,75,1
7,75,1
8,75,1
18,75,1
34,75,1
38,75,1
41,75,1
43,75,1
46,75,1
56,75,1
58,75,-1
59,75,1
74,75,1
76,75,1
81,75,1
92,75,1
97,75,1
13,76,1
30,76,-1
59,76,1
67,76,1
75,76,-1
77,76,1
80,76,1
82,76,1
95,76,1
97,76,1
3,77,1
8,77,1
32,77,1
33,77,1
44,77,1
62,77,-1
82,77,1
3,78,1
10,78,-1
22,78,1
33,78,1
38,78,1
39,78,-1
47,78,1
48,78,-1
51,78,1
54,78,1
55,78,1
61,78,1
65,78,-1
70,78,1
83,78,1
86,78,1
87,78,1
90,78,-1
91,78,-1
94,78,1
100,78,-1
1,79,1
12,79,1
16,79,-1
18,79,1
28,79,1
29,79,1
32,79,1
44,79,1
56,79,1
70,79,1
80,79,1
87,79,1
97,79,1
7,80,1
22,80,1
25,80,1
45,80,-1
50,80,1
54,80,1
67,80,1
72,80,1
74,80,1
83,80,1
88,80,1
96,80,1
98,80,-1
19,81,1
24,81,1
30,81,-1
43,81,1
50,81,1
53,81,1
56,81,1
61,81,1
71,81,1
30,82,-1
33,82,1
42,82,1
50,82,1
66,82,1
72,82,1
76,82,1
78,82,1
7,83,1
10,83,-1
22,83,1
41,83,1
44,83,1
48,83,-1
49,83,1
51,83,1
54,83,1
57,83,1
64,83,1
67,83,1
78,83,1
80,83,1
90,83,-1
11,84,1
17,84,1
19,84,1
23,84,-1
41,84,1
45,84,-1
52,84,1
66,84,1
74,84,1
75,84,-1
85,84,1
1,85,1
3,85,1
5,85,1
17,85,1
23,85,-1
35,85,1
38,85,1
40,85,-1
58,85,-1
78,85,1
94,85,1
99,85,-1
27,86,1
36,86,1
47,86,1
50,86,1
61,86,1
67,86,1
69,86,1
94,86,1
100,86,-1
2,87,1
3,87,1
12,87,1
18,87,1
21,87,1
24,87,1
32,87,1
38,87,1
56,87,1
60,87,1
86,87,1
92,87,1
99,87,-1
3,88,1
4,88,1
5,88,1
8,88,1
9,88,1
12,88,1
13,88,1
32,88,1
38,88,1
39,88,-1
40,88,-1
49,88,1
58,88,-1
61,88,1
63,88,1
71,88,1
73,88,1
83,88,1
85,88,1
95,88,1
99,88,-1
100,88,-1
15,89,1
37,89,1
43,89,1
48,89,-1
55,89,1
67,89,1
2,90,1
24,90,1
40,90,-1
43,90,1
47,90,1
51,90,1
55,90,1
61,90,1
71,90,1
74,90,1
76,90,1
81,90,1
83,90,1
86,90,1
26,91,1
30,91,-1
38,91,1
40,91,-1
59,91,1
68,91,-1
71,91,1
75,91,-1
76,91,1
81,91,1
82,91,1
4,92,1
10,92,-1
13,92,1
15,92,1
19,92,1
21,92,1
26,92,1
27,92,1
30,92,-1
34,92,1
35,92,1
38,92,1
55,92,1
65,92,-1
72,92,1
78,92,1
83,92,1
3,93,1
11,93,1
17,93,1
22,93,1
31,93,1
43,93,1
44,93,1
66,93,1
72,93,1
92,93,1
10,94,-1
17,94,1
28,94,1
38,94,1
80,94,1
84,94,1
85,94,1
87,94,1
92,94,1
99,94,-1
100,94,-1
3,95,1
4,95,1
11,95,1
14,95,1
15,95,1
26,95,1
33,95,1
46,95,1
63,95,1
73,95,1
75,95,-1
2,96,1
11,96,1
22,96,1
28,96,1
40,96,-1
41,96,1
57,96,1
58,96,-1
60,96,1
72,96,1
79,96,1
80,96,1
83,96,1
84,96,1
93,96,1
97,96,1
98,96,-1
3,97,1
4,97,1
8,97,1
11,97,1
12,97,1
30,97,-1
45,97,-1
87,97,1
95,97,1
2,98,1
4,98,1
48,98,-1
49,98,1
51,98,1
58,98,-1
62,98,-1
65,98,-1
71,98,1
83,98,1
88,98,1
89,98,1
1,99,1
10,99,-1
23,99,-1
28,99,1
32,99,1
40,99,-1
44,99,1
56,99,1
61,99,1
64,99,1
79,99,1
87,99,1
94,99,1
1,100,1
38,100,1
47,100,1
52,100,1
56,100,1
61,100,1
71,100,1
86,100,1
90,100,-1
94,100,1
