12,1,1
16,1,1
24,1,1
38,1,1
39,1,1
41,1,1
49,1,1
56,1,-1
57,1,1
61,1,1
64,1,1
84,1,1
85,1,-1
95,1,1
8,2,1
32,2,1
34,2,-1
35,2,1
47,2,1
88,2,-1
96,2,1
97,2,1
7,3,1
11,3,1
18,3,-1
23,3,-1
27,3,-1
54,3,-1
59,3,1
62,3,1
78,3,-1
86,3,1
95,3,1
13,4,1
17,4,1
21,4,1
36,4,1
37,4,1
40,4,-1
66,4,1
67,4,1
73,4,1
90,4,1
1,5,1
16,5,1
21,5,1
24,5,1
38,5,1
39,5,1
41,5,1
44,5,1
51,5,1
57,5,1
61,5,1
75,5,1
82,5,1
85,5,-1
91,5,-1
4,6,1
17,6,1
21,6,1
36,6,1
37,6,1
40,6,-1
66,6,1
67,6,1
73,6,1
90,6,1
10,7,1
11,7,1
15,7,1
23,7,-1
27,7,-1
38,7,1
43,7,1
54,7,-1
59,7,1
62,7,1
69,7,1
77,7,1
84,7,1
95,7,1
2,8,1
11,8,1
32,8,1
34,8,-1
43,8,1
47,8,1
59,8,1
65,8,1
84,8,1
88,8,-1
90,8,1
96,8,1
100,8,1
14,9,1
19,9,-1
25,9,1
45,9,1
58,9,-1
63,9,-1
70,9,-1
76,9,-1
80,9,1
87,9,1
98,9,1
1,10,1
7,10,1
11,10,1
23,10,-1
27,10,-1
43,10,1
55,10,-1
69,10,1
77,10,1
84,10,1
95,10,1
99,10,1
3,11,1
7,11,1
10,11,1
18,11,-1
23,11,-1
27,11,-1
33,11,1
43,11,1
54,11,-1
55,11,-1
59,11,1
62,11,1
68,11,1
69,11,1
78,11,-1
84,11,1
86,11,1
92,11,1
1,12,1
22,12,-1
30,12,1
38,12,1
41,12,1
47,12,1
48,12,1
49,12,1
53,12,1
56,12,-1
60,12,-1
64,12,1
66,12,1
72,12,-1
79,12,1
85,12,-1
91,12,-1
99,12,1
4,13,1
6,13,1
17,13,1
21,13,1
33,13,1
36,13,1
37,13,1
40,13,-1
66,13,1
67,13,1
73,13,1
81,13,1
90,13,1
4,14,1
9,14,1
19,14,-1
21,14,1
25,14,1
42,14,1
45,14,1
58,14,-1
63,14,-1
70,14,-1
76,14,-1
80,14,1
81,14,1
84,14,1
87,14,1
98,14,1
99,14,1
1,15,1
7,15,1
27,15,-1
30,15,1
38,15,1
72,15,-1
77,15,1
95,15,1
5,16,1
24,16,1
39,16,1
44,16,1
51,16,1
56,16,-1
57,16,1
61,16,1
75,16,1
82,16,1
91,16,-1
4,17,1
6,17,1
13,17,1
21,17,1
33,17,1
36,17,1
37,17,1
66,17,1
67,17,1
73,17,1
3,18,1
11,18,1
43,18,1
54,18,-1
59,18,1
62,18,1
69,18,1
78,18,-1
84,18,1
86,18,1
9,19,1
25,19,1
53,19,1
63,19,-1
76,19,-1
80,19,1
81,19,1
87,19,1
89,19,1
97,19,1
99,19,1
26,20,1
29,20,1
50,20,-1
52,20,1
65,20,1
71,20,1
4,21,1
6,21,1
13,21,1
17,21,1
33,21,1
36,21,1
37,21,1
40,21,-1
66,21,1
67,21,1
73,21,1
5,22,1
12,22,1
15,22,1
30,22,1
38,22,1
39,22,1
41,22,1
44,22,1
56,22,-1
57,22,1
64,22,1
72,22,-1
79,22,1
85,22,-1
88,22,-1
91,22,-1
7,23,1
10,23,1
11,23,1
15,23,1
27,23,-1
55,23,-1
69,23,1
77,23,1
95,23,1
1,24,1
5,24,1
15,24,1
16,24,1
22,24,-1
38,24,1
39,24,1
41,24,1
44,24,1
51,24,1
57,24,1
61,24,1
75,24,1
82,24,1
91,24,-1
9,25,1
14,25,1
19,25,-1
31,25,-1
45,25,1
58,25,-1
63,25,-1
70,25,-1
76,25,-1
81,25,1
87,25,1
89,25,1
98,25,1
99,25,1
2,26,1
8,26,1
20,26,1
29,26,1
32,26,1
34,26,-1
35,26,1
50,26,-1
52,26,1
60,26,-1
65,26,1
71,26,1
83,26,1
88,26,-1
96,26,1
100,26,1
1,27,1
3,27,1
7,27,1
10,27,1
11,27,1
15,27,1
18,27,-1
23,27,-1
43,27,1
54,27,-1
62,27,1
77,27,1
78,27,-1
84,27,1
86,27,1
95,27,1
4,28,1
13,28,1
21,28,1
31,28,-1
36,28,1
59,28,1
67,28,1
76,28,-1
89,28,1
97,28,1
99,28,1
1,29,1
13,29,1
20,29,1
21,29,1
26,29,1
32,29,1
33,29,1
35,29,1
39,29,1
40,29,-1
50,29,-1
52,29,1
60,29,-1
65,29,1
67,29,1
71,29,1
83,29,1
88,29,-1
100,29,1
1,30,1
12,30,1
22,30,-1
48,30,1
49,30,1
53,30,1
56,30,-1
64,30,1
72,30,-1
74,30,-1
79,30,1
85,30,-1
88,30,-1
94,30,1
96,30,1
13,31,1
19,31,-1
25,31,1
28,31,1
46,31,1
58,31,-1
68,31,1
76,31,-1
81,31,1
87,31,1
89,31,1
92,31,1
93,31,1
96,31,1
97,31,1
98,31,1
99,31,1
2,32,1
20,32,1
29,32,1
34,32,-1
35,32,1
46,32,1
50,32,-1
52,32,1
65,32,1
71,32,1
79,32,1
83,32,1
88,32,-1
96,32,1
100,32,1
4,33,1
6,33,1
13,33,1
17,33,1
21,33,1
36,33,1
40,33,-1
60,33,-1
65,33,1
67,33,1
73,33,1
2,34,1
8,34,1
26,34,1
32,34,1
35,34,1
47,34,1
50,34,-1
52,34,1
65,34,1
79,34,1
83,34,1
88,34,-1
96,34,1
100,34,1
2,35,1
29,35,1
34,35,-1
50,35,-1
52,35,1
65,35,1
71,35,1
83,35,1
88,35,-1
100,35,1
4,36,1
6,36,1
9,36,1
13,36,1
17,36,1
21,36,1
33,36,1
37,36,1
66,36,1
67,36,1
73,36,1
90,36,1
4,37,1
13,37,1
17,37,1
21,37,1
33,37,1
36,37,1
40,37,-1
60,37,-1
67,37,1
73,37,1
90,37,1
1,38,1
24,38,1
41,38,1
77,38,1
95,38,1
5,39,1
16,39,1
24,39,1
38,39,1
44,39,1
57,39,1
61,39,1
75,39,1
82,39,1
91,39,-1
4,40,1
21,40,1
33,40,1
36,40,1
37,40,1
65,40,1
67,40,1
90,40,1
5,41,1
16,41,1
22,41,-1
24,41,1
38,41,1
39,41,1
51,41,1
56,41,-1
57,41,1
61,41,1
75,41,1
82,41,1
91,41,-1
9,42,1
14,42,1
19,42,-1
25,42,1
45,42,1
58,42,-1
63,42,-1
70,42,-1
80,42,1
81,42,1
87,42,1
89,42,1
98,42,1
3,43,1
18,43,-1
59,43,1
69,43,1
84,43,1
1,44,1
5,44,1
16,44,1
38,44,1
39,44,1
41,44,1
51,44,1
57,44,1
61,44,1
75,44,1
82,44,1
91,44,-1
9,45,1
14,45,1
19,45,-1
25,45,1
42,45,1
58,45,-1
63,45,-1
70,45,-1
72,45,-1
79,45,1
81,45,1
87,45,1
98,45,1
2,46,1
8,46,1
31,46,-1
55,46,-1
68,46,1
69,46,1
88,46,-1
92,46,1
93,46,1
96,46,1
97,46,1
99,46,1
1,47,1
2,47,1
8,47,1
32,47,1
34,47,-1
35,47,1
46,47,1
88,47,-1
96,47,1
12,48,1
30,48,1
49,48,1
53,48,1
56,48,-1
64,48,1
72,48,-1
74,48,-1
79,48,1
85,48,-1
94,48,1
30,49,1
48,49,1
64,49,1
72,49,-1
74,49,-1
79,49,1
85,49,-1
94,49,1
20,50,1
26,50,1
29,50,1
52,50,1
60,50,-1
65,50,1
71,50,1
83,50,1
100,50,1
1,51,1
5,51,1
16,51,1
24,51,1
39,51,1
41,51,1
44,51,1
56,51,-1
57,51,1
61,51,1
75,51,1
91,51,-1
26,52,1
35,52,1
50,52,-1
60,52,-1
65,52,1
71,52,1
83,52,1
100,52,1
12,53,1
22,53,-1
30,53,1
48,53,1
49,53,1
52,53,1
56,53,-1
60,53,-1
64,53,1
72,53,-1
74,53,-1
79,53,1
94,53,1
96,53,1
3,54,1
18,54,-1
23,54,-1
27,54,-1
59,54,1
62,54,1
78,54,-1
86,54,1
7,55,1
10,55,1
27,55,-1
31,55,-1
46,55,1
68,55,1
69,55,1
77,55,1
84,55,1
92,55,1
95,55,1
12,56,1
30,56,1
48,56,1
49,56,1
53,56,1
57,56,1
64,56,1
72,56,-1
79,56,1
85,56,-1
1,57,1
5,57,1
16,57,1
24,57,1
38,57,1
39,57,1
41,57,1
44,57,1
51,57,1
56,57,-1
61,57,1
75,57,1
82,57,1
85,57,-1
91,57,-1
9,58,1
14,58,1
19,58,-1
45,58,1
63,58,-1
87,58,1
3,59,1
7,59,1
8,59,1
11,59,1
18,59,-1
23,59,-1
27,59,-1
43,59,1
47,59,1
62,59,1
69,59,1
84,59,1
86,59,1
88,59,-1
4,60,1
13,60,1
20,60,1
21,60,1
26,60,1
36,60,1
40,60,-1
50,60,-1
52,60,1
55,60,-1
65,60,1
71,60,1
90,60,1
100,60,1
1,61,1
5,61,1
16,61,1
24,61,1
35,61,1
38,61,1
39,61,1
40,61,-1
41,61,1
44,61,1
51,61,1
56,61,-1
57,61,1
75,61,1
82,61,1
91,61,-1
95,61,1
99,61,1
3,62,1
7,62,1
11,62,1
18,62,-1
27,62,-1
43,62,1
54,62,-1
59,62,1
69,62,1
78,62,-1
84,62,1
86,62,1
9,63,1
14,63,1
25,63,1
42,63,1
45,63,1
70,63,-1
80,63,1
81,63,1
12,64,1
15,64,1
30,64,1
48,64,1
49,64,1
56,64,-1
72,64,-1
74,64,-1
79,64,1
85,64,-1
94,64,1
20,65,1
26,65,1
29,65,1
32,65,1
50,65,-1
52,65,1
71,65,1
83,65,1
100,65,1
4,66,1
13,66,1
21,66,1
28,66,1
33,66,1
36,66,1
67,66,1
73,66,1
4,67,1
6,67,1
13,67,1
17,67,1
21,67,1
33,67,1
36,67,1
37,67,1
60,67,-1
66,67,1
73,67,1
31,68,-1
46,68,1
55,68,-1
92,68,1
93,68,1
96,68,1
97,68,1
99,68,1
10,69,1
11,69,1
18,69,-1
27,69,-1
43,69,1
55,69,-1
59,69,1
68,69,1
77,69,1
84,69,1
9,70,1
14,70,1
19,70,-1
25,70,1
42,70,1
45,70,1
58,70,-1
63,70,-1
76,70,-1
80,70,1
81,70,1
87,70,1
98,70,1
26,71,1
29,71,1
50,71,-1
52,71,1
65,71,1
83,71,1
100,71,1
12,72,1
30,72,1
49,72,1
53,72,1
56,72,-1
58,72,-1
79,72,1
85,72,-1
94,72,1
4,73,1
6,73,1
9,73,1
12,73,1
13,73,1
17,73,1
21,73,1
28,73,1
33,73,1
36,73,1
37,73,1
38,73,1
40,73,-1
60,73,-1
65,73,1
66,73,1
67,73,1
83,73,1
90,73,1
48,74,1
49,74,1
53,74,1
56,74,-1
64,74,1
72,74,-1
79,74,1
94,74,1
1,75,1
5,75,1
24,75,1
38,75,1
39,75,1
44,75,1
51,75,1
57,75,1
61,75,1
82,75,1
8,76,1
19,76,-1
28,76,1
31,76,-1
72,76,-1
81,76,1
87,76,1
89,76,1
97,76,1
98,76,1
99,76,1
7,77,1
10,77,1
23,77,-1
84,77,1
95,77,1
3,78,1
7,78,1
15,78,1
18,78,-1
23,78,-1
27,78,-1
59,78,1
62,78,1
2,79,1
30,79,1
47,79,1
48,79,1
49,79,1
53,79,1
56,79,-1
64,79,1
72,79,-1
74,79,-1
85,79,-1
94,79,1
14,80,1
25,80,1
42,80,1
45,80,1
58,80,-1
63,80,-1
70,80,-1
9,81,1
19,81,-1
25,81,1
28,81,1
31,81,-1
42,81,1
58,81,-1
63,81,-1
80,81,1
89,81,1
98,81,1
1,82,1
5,82,1
16,82,1
24,82,1
38,82,1
39,82,1
44,82,1
57,82,1
61,82,1
75,82,1
90,82,1
91,82,-1
95,82,1
20,83,1
21,83,1
26,83,1
29,83,1
35,83,1
50,83,-1
52,83,1
60,83,-1
65,83,1
71,83,1
100,83,1
7,84,1
8,84,1
10,84,1
11,84,1
23,84,-1
27,84,-1
55,84,-1
59,84,1
69,84,1
77,84,1
12,85,1
18,85,-1
22,85,-1
30,85,1
39,85,1
41,85,1
46,85,1
49,85,1
53,85,1
56,85,-1
64,85,1
72,85,-1
74,85,-1
79,85,1
91,85,-1
92,85,1
99,85,1
100,85,1
3,86,1
7,86,1
11,86,1
18,86,-1
23,86,-1
27,86,-1
43,86,1
54,86,-1
59,86,1
60,86,-1
62,86,1
78,86,-1
84,86,1
95,86,1
9,87,1
19,87,-1
25,87,1
31,87,-1
42,87,1
63,87,-1
70,87,-1
76,87,-1
80,87,1
81,87,1
89,87,1
98,87,1
2,88,1
8,88,1
32,88,1
34,88,-1
35,88,1
46,88,1
47,88,1
67,88,1
96,88,1
97,88,1
100,88,1
13,89,1
25,89,1
28,89,1
31,89,-1
40,89,-1
76,89,-1
81,89,1
87,89,1
90,89,1
97,89,1
98,89,1
99,89,1
4,90,1
13,90,1
17,90,1
21,90,1
28,90,1
33,90,1
36,90,1
37,90,1
40,90,-1
67,90,1
73,90,1
79,90,1
5,91,1
22,91,-1
38,91,1
41,91,1
51,91,1
56,91,-1
57,91,1
79,91,1
85,91,-1
8,92,1
31,92,-1
46,92,1
55,92,-1
68,92,1
89,92,1
93,92,1
95,92,1
97,92,1
99,92,1
19,93,-1
31,93,-1
33,93,1
40,93,-1
46,93,1
55,93,-1
60,93,-1
61,93,1
68,93,1
92,93,1
96,93,1
97,93,1
99,93,1
30,94,1
48,94,1
49,94,1
53,94,1
56,94,-1
64,94,1
72,94,-1
74,94,-1
79,94,1
85,94,-1
1,95,1
7,95,1
10,95,1
15,95,1
23,95,-1
27,95,-1
38,95,1
40,95,-1
77,95,1
2,96,1
8,96,1
32,96,1
46,96,1
47,96,1
71,96,1
88,96,-1
92,96,1
97,96,1
100,96,1
28,97,1
31,97,-1
32,97,1
46,97,1
55,97,-1
64,97,1
68,97,1
76,97,-1
89,97,1
92,97,1
93,97,1
98,97,1
99,97,1
19,98,-1
25,98,1
28,98,1
31,98,-1
45,98,1
58,98,-1
70,98,-1
81,98,1
89,98,1
99,98,1
31,99,-1
46,99,1
58,99,-1
68,99,1
76,99,-1
92,99,1
93,99,1
97,99,1
32,100,1
50,100,-1
52,100,1
65,100,1
71,100,1
83,100,1
