8,1,1
11,1,1
12,1,-1
23,1,-1
25,1,-1
26,1,1
29,1,1
31,1,1
47,1,1
51,1,-1
56,1,1
64,1,1
65,1,-1
67,1,1
79,1,1
83,1,-1
97,1,1
99,1,1
1,2,1
7,2,1
25,2,-1
40,2,1
54,2,1
58,2,1
62,2,1
63,2,-1
68,2,1
77,2,1
82,2,-1
1,3,1
10,3,1
13,3,-1
15,3,1
22,3,1
32,3,1
37,3,-1
42,3,-1
44,3,-1
52,3,1
56,3,1
70,3,-1
71,3,1
90,3,1
92,3,1
95,3,1
5,4,1
14,4,1
41,4,1
48,4,-1
54,4,1
57,4,1
59,4,1
65,4,-1
81,4,1
87,4,1
95,4,1
8,5,1
9,5,1
23,5,-1
35,5,-1
36,5,1
46,5,-1
52,5,1
53,5,1
66,5,-1
77,5,1
80,5,1
81,5,1
84,5,1
89,5,-1
7,6,1
11,6,1
32,6,1
34,6,1
43,6,1
48,6,-1
57,6,1
64,6,1
78,6,1
80,6,1
93,6,1
96,6,1
98,6,-1
6,7,1
20,7,1
28,7,1
29,7,1
44,7,-1
48,7,-1
49,7,1
51,7,-1
55,7,1
56,7,1
59,7,1
71,7,1
80,7,1
81,7,1
100,7,1
14,8,1
26,8,1
31,8,1
32,8,1
49,8,1
50,8,-1
63,8,-1
72,8,1
81,8,1
82,8,-1
97,8,1
4,9,1
10,9,1
25,9,-1
33,9,1
39,9,1
47,9,1
50,9,-1
60,9,1
62,9,1
67,9,1
71,9,1
72,9,1
76,9,1
79,9,1
82,9,-1
83,9,-1
91,9,1
15,10,1
19,10,-1
27,10,1
30,10,-1
45,10,1
65,10,-1
72,10,1
74,10,1
80,10,1
89,10,-1
94,10,1
4,11,1
9,11,1
17,11,1
28,11,1
61,11,-1
71,11,1
74,11,1
75,11,1
79,11,1
93,11,1
3,12,1
10,12,1
13,12,-1
34,12,1
45,12,1
46,12,-1
51,12,-1
61,12,-1
82,12,-1
83,12,-1
2,13,-1
4,13,1
17,13,1
20,13,1
26,13,1
29,13,1
30,13,-1
31,13,1
40,13,1
47,13,1
48,13,-1
68,13,1
74,13,1
79,13,1
95,13,1
99,13,1
40,14,1
43,14,1
47,14,1
63,14,-1
64,14,1
71,14,1
74,14,1
77,14,1
82,14,-1
89,14,-1
92,14,1
93,14,1
95,14,1
2,15,-1
16,15,1
21,15,1
22,15,1
35,15,-1
39,15,1
50,15,-1
66,15,-1
70,15,-1
84,15,1
92,15,1
96,15,1
1,16,1
15,16,1
18,16,1
20,16,1
22,16,1
41,16,1
54,16,1
68,16,1
72,16,1
83,16,-1
86,16,1
89,16,-1
91,16,1
2,17,-1
13,17,-1
15,17,1
20,17,1
23,17,-1
29,17,1
38,17,-1
51,17,-1
72,17,1
78,17,1
80,17,1
97,17,1
1,18,1
2,18,-1
7,18,1
13,18,-1
17,18,1
26,18,1
33,18,1
36,18,1
43,18,1
49,18,1
50,18,-1
53,18,1
56,18,1
59,18,1
62,18,1
64,18,1
71,18,1
75,18,1
88,18,1
89,18,-1
91,18,1
93,18,1
96,18,1
16,19,1
23,19,-1
25,19,-1
31,19,1
39,19,1
42,19,-1
44,19,-1
45,19,1
50,19,-1
52,19,1
68,19,1
71,19,1
74,19,1
78,19,1
81,19,1
86,19,1
3,20,1
5,20,1
15,20,1
45,20,1
53,20,1
65,20,-1
69,20,1
73,20,-1
86,20,1
89,20,-1
94,20,1
99,20,1
100,20,1
3,21,1
18,21,1
22,21,1
26,21,1
42,21,-1
57,21,1
63,21,-1
74,21,1
77,21,1
81,21,1
82,21,-1
86,21,1
87,21,1
88,21,1
91,21,1
3,22,1
8,22,1
11,22,1
25,22,-1
26,22,1
28,22,1
32,22,1
39,22,1
45,22,1
62,22,1
67,22,1
81,22,1
88,22,1
89,22,-1
92,22,1
95,22,1
97,22,1
6,23,1
12,23,-1
21,23,1
26,23,1
33,23,1
49,23,1
51,23,-1
53,23,1
54,23,1
55,23,1
57,23,1
64,23,1
66,23,-1
70,23,-1
74,23,1
75,23,1
78,23,1
91,23,1
92,23,1
97,23,1
99,23,1
100,23,1
7,24,1
18,24,1
19,24,-1
22,24,1
31,24,1
37,24,-1
38,24,-1
40,24,1
48,24,-1
50,24,-1
52,24,1
54,24,1
55,24,1
63,24,-1
76,24,1
83,24,-1
89,24,-1
92,24,1
97,24,1
100,24,1
1,25,1
14,25,1
21,25,1
33,25,1
36,25,1
51,25,-1
52,25,1
68,25,1
84,25,1
94,25,1
4,26,1
11,26,1
19,26,-1
47,26,1
61,26,-1
73,26,-1
76,26,1
93,26,1
95,26,1
96,26,1
100,26,1
14,27,1
20,27,1
26,27,1
32,27,1
44,27,-1
49,27,1
63,27,-1
76,27,1
82,27,-1
13,28,-1
29,28,1
34,28,1
37,28,-1
41,28,1
51,28,-1
97,28,1
3,29,1
7,29,1
25,29,-1
36,29,1
43,29,1
61,29,-1
65,29,-1
76,29,1
77,29,1
89,29,-1
5,30,1
17,30,1
18,30,1
32,30,1
43,30,1
55,30,1
57,30,1
60,30,1
68,30,1
70,30,-1
78,30,1
80,30,1
82,30,-1
85,30,1
94,30,1
23,31,-1
32,31,1
46,31,-1
58,31,1
60,31,1
66,31,-1
68,31,1
80,31,1
81,31,1
96,31,1
6,32,1
8,32,1
13,32,-1
19,32,-1
27,32,1
35,32,-1
44,32,-1
49,32,1
67,32,1
77,32,1
78,32,1
80,32,1
84,32,1
94,32,1
96,32,1
99,32,1
3,33,1
21,33,1
32,33,1
34,33,1
35,33,-1
45,33,1
46,33,-1
58,33,1
63,33,-1
68,33,1
75,33,1
79,33,1
83,33,-1
90,33,1
2,34,-1
10,34,1
11,34,1
25,34,-1
29,34,1
41,34,1
44,34,-1
54,34,1
98,34,-1
100,34,1
2,35,-1
6,35,1
15,35,1
22,35,1
31,35,1
52,35,1
63,35,-1
69,35,1
76,35,1
83,35,-1
85,35,1
95,35,1
27,36,1
37,36,-1
38,36,-1
44,36,-1
47,36,1
59,36,1
68,36,1
76,36,1
81,36,1
91,36,1
96,36,1
2,37,-1
3,37,1
6,37,1
11,37,1
14,37,1
19,37,-1
34,37,1
39,37,1
50,37,-1
53,37,1
55,37,1
57,37,1
76,37,1
83,37,-1
84,37,1
86,37,1
87,37,1
99,37,1
20,38,1
39,38,1
42,38,-1
68,38,1
85,38,1
91,38,1
8,39,1
10,39,1
17,39,1
18,39,1
24,39,1
27,39,1
33,39,1
36,39,1
54,39,1
66,39,-1
26,40,1
52,40,1
56,40,1
72,40,1
80,40,1
94,40,1
96,40,1
2,41,-1
4,41,1
13,41,-1
16,41,1
24,41,1
36,41,1
38,41,-1
46,41,-1
47,41,1
61,41,-1
76,41,1
85,41,1
93,41,1
94,41,1
5,42,1
26,42,1
28,42,1
39,42,1
45,42,1
46,42,-1
75,42,1
80,42,1
88,42,1
97,42,1
3,43,1
10,43,1
12,43,-1
18,43,1
21,43,1
22,43,1
28,43,1
34,43,1
39,43,1
46,43,-1
56,43,1
67,43,1
68,43,1
72,43,1
84,43,1
94,43,1
99,43,1
20,44,1
21,44,1
33,44,1
34,44,1
37,44,-1
45,44,1
48,44,-1
52,44,1
55,44,1
57,44,1
65,44,-1
67,44,1
69,44,1
80,44,1
82,44,-1
87,44,1
92,44,1
98,44,-1
6,45,1
17,45,1
21,45,1
29,45,1
30,45,-1
33,45,1
44,45,-1
52,45,1
54,45,1
63,45,-1
69,45,1
77,45,1
81,45,1
99,45,1
2,46,-1
6,46,1
9,46,1
59,46,1
64,46,1
85,46,1
87,46,1
91,46,1
99,46,1
100,46,1
6,47,1
36,47,1
49,47,1
70,47,-1
84,47,1
94,47,1
96,47,1
97,47,1
3,48,1
10,48,1
11,48,1
51,48,-1
53,48,1
66,48,-1
69,48,1
86,48,1
97,48,1
18,49,1
22,49,1
23,49,-1
34,49,1
35,49,-1
37,49,-1
38,49,-1
42,49,-1
50,49,-1
64,49,1
68,49,1
69,49,1
70,49,-1
74,49,1
78,49,1
94,49,1
9,50,1
12,50,-1
15,50,1
52,50,1
63,50,-1
74,50,1
78,50,1
87,50,1
9,51,1
23,51,-1
32,51,1
41,51,1
45,51,1
46,51,-1
49,51,1
63,51,-1
64,51,1
95,51,1
96,51,1
36,52,1
55,52,1
62,52,1
66,52,-1
99,52,1
5,53,1
6,53,1
23,53,-1
28,53,1
29,53,1
32,53,1
34,53,1
35,53,-1
39,53,1
46,53,-1
68,53,1
78,53,1
81,53,1
90,53,1
91,53,1
97,53,1
1,54,1
13,54,-1
23,54,-1
43,54,1
60,54,1
69,54,1
93,54,1
11,55,1
13,55,-1
14,55,1
22,55,1
38,55,-1
42,55,-1
49,55,1
67,55,1
70,55,-1
84,55,1
93,55,1
96,55,1
97,55,1
98,55,-1
4,56,1
7,56,1
13,56,-1
14,56,1
18,56,1
19,56,-1
21,56,1
22,56,1
23,56,-1
24,56,1
32,56,1
33,56,1
46,56,-1
76,56,1
95,56,1
100,56,1
8,57,1
19,57,-1
20,57,1
22,57,1
23,57,-1
25,57,-1
33,57,1
38,57,-1
42,57,-1
45,57,1
46,57,-1
59,57,1
62,57,1
72,57,1
82,57,-1
91,57,1
94,57,1
95,57,1
7,58,1
14,58,1
19,58,-1
27,58,1
42,58,-1
43,58,1
65,58,-1
69,58,1
90,58,1
98,58,-1
8,59,1
22,59,1
30,59,-1
33,59,1
37,59,-1
43,59,1
57,59,1
77,59,1
96,59,1
15,60,1
33,60,1
42,60,-1
46,60,-1
47,60,1
49,60,1
54,60,1
68,60,1
72,60,1
75,60,1
89,60,-1
92,60,1
20,61,1
27,61,1
33,61,1
49,61,1
52,61,1
54,61,1
55,61,1
56,61,1
67,61,1
88,61,1
3,62,1
19,62,-1
34,62,1
35,62,-1
41,62,1
53,62,1
54,62,1
57,62,1
63,62,-1
64,62,1
72,62,1
73,62,-1
87,62,1
98,62,-1
7,63,1
10,63,1
19,63,-1
22,63,1
36,63,1
39,63,1
55,63,1
65,63,-1
77,63,1
86,63,1
92,63,1
1,64,1
4,64,1
8,64,1
20,64,1
28,64,1
30,64,-1
33,64,1
36,64,1
37,64,-1
39,64,1
40,64,1
44,64,-1
57,64,1
69,64,1
72,64,1
74,64,1
76,64,1
84,64,1
90,64,1
10,65,1
12,65,-1
21,65,1
34,65,1
40,65,1
42,65,-1
51,65,-1
57,65,1
58,65,1
59,65,1
63,65,-1
70,65,-1
75,65,1
82,65,-1
85,65,1
90,65,1
93,65,1
5,66,1
7,66,1
24,66,1
26,66,1
30,66,-1
33,66,1
41,66,1
44,66,-1
54,66,1
77,66,1
82,66,-1
91,66,1
97,66,1
14,67,1
19,67,-1
28,67,1
36,67,1
47,67,1
66,67,-1
68,67,1
78,67,1
79,67,1
89,67,-1
99,67,1
1,68,1
12,68,-1
13,68,-1
19,68,-1
21,68,1
22,68,1
27,68,1
28,68,1
45,68,1
54,68,1
64,68,1
65,68,-1
72,68,1
81,68,1
95,68,1
20,69,1
22,69,1
25,69,-1
28,69,1
41,69,1
46,69,-1
48,69,-1
49,69,1
56,69,1
62,69,1
63,69,-1
82,69,-1
93,69,1
1,70,1
7,70,1
39,70,1
45,70,1
55,70,1
60,70,1
62,70,1
72,70,1
1,71,1
7,71,1
17,71,1
45,71,1
61,71,-1
62,71,1
64,71,1
70,71,-1
78,71,1
83,71,-1
88,71,1
94,71,1
6,72,1
8,72,1
9,72,1
20,72,1
21,72,1
23,72,-1
28,72,1
40,72,1
55,72,1
86,72,1
4,73,1
18,73,1
19,73,-1
33,73,1
36,73,1
43,73,1
49,73,1
77,73,1
82,73,-1
14,74,1
22,74,1
24,74,1
34,74,1
41,74,1
47,74,1
64,74,1
77,74,1
85,74,1
88,74,1
90,74,1
30,75,-1
33,75,1
34,75,1
35,75,-1
40,75,1
48,75,-1
62,75,1
81,75,1
92,75,1
2,76,-1
7,76,1
8,76,1
17,76,1
35,76,-1
36,76,1
40,76,1
48,76,-1
53,76,1
56,76,1
71,76,1
88,76,1
15,77,1
22,77,1
29,77,1
44,77,-1
48,77,-1
51,77,-1
57,77,1
70,77,-1
75,77,1
80,77,1
89,77,-1
90,77,1
100,77,1
1,78,1
3,78,1
9,78,1
10,78,1
25,78,-1
26,78,1
31,78,1
43,78,1
65,78,-1
72,78,1
76,78,1
14,79,1
18,79,1
32,79,1
33,79,1
38,79,-1
41,79,1
45,79,1
46,79,-1
62,79,1
69,79,1
70,79,-1
72,79,1
80,79,1
95,79,1
15,80,1
16,80,1
26,80,1
27,80,1
29,80,1
33,80,1
38,80,-1
47,80,1
53,80,1
83,80,-1
7,81,1
11,81,1
15,81,1
18,81,1
19,81,-1
22,81,1
36,81,1
41,81,1
51,81,-1
54,81,1
84,81,1
88,81,1
2,82,-1
8,82,1
15,82,1
29,82,1
33,82,1
36,82,1
61,82,-1
66,82,-1
70,82,-1
90,82,1
97,82,1
98,82,-1
99,82,1
8,83,1
13,83,-1
16,83,1
20,83,1
21,83,1
26,83,1
39,83,1
44,83,-1
52,83,1
56,83,1
60,83,1
62,83,1
72,83,1
77,83,1
78,83,1
84,83,1
92,83,1
93,83,1
2,84,-1
5,84,1
31,84,1
56,84,1
78,84,1
95,84,1
96,84,1
97,84,1
2,85,-1
3,85,1
9,85,1
16,85,1
19,85,-1
26,85,1
29,85,1
45,85,1
51,85,-1
56,85,1
57,85,1
63,85,-1
65,85,-1
67,85,1
71,85,1
89,85,-1
8,86,1
10,86,1
37,86,-1
42,86,-1
52,86,1
53,86,1
56,86,1
58,86,1
100,86,1
13,87,-1
21,87,1
22,87,1
27,87,1
44,87,-1
50,87,-1
51,87,-1
62,87,1
70,87,-1
74,87,1
79,87,1
80,87,1
88,87,1
89,87,-1
97,87,1
99,87,1
12,88,-1
32,88,1
34,88,1
38,88,-1
52,88,1
62,88,1
78,88,1
91,88,1
93,88,1
4,89,1
6,89,1
10,89,1
18,89,1
22,89,1
25,89,-1
27,89,1
32,89,1
33,89,1
34,89,1
36,89,1
37,89,-1
42,89,-1
60,89,1
63,89,-1
68,89,1
70,89,-1
82,89,-1
13,90,-1
27,90,1
34,90,1
35,90,-1
47,90,1
52,90,1
61,90,-1
74,90,1
81,90,1
91,90,1
29,91,1
32,91,1
39,91,1
50,91,-1
67,91,1
68,91,1
69,91,1
70,91,-1
72,91,1
75,91,1
90,91,1
97,91,1
10,92,1
12,92,-1
17,92,1
29,92,1
36,92,1
53,92,1
54,92,1
62,92,1
66,92,-1
69,92,1
97,92,1
98,92,-1
99,92,1
2,93,-1
6,93,1
10,93,1
13,93,-1
19,93,-1
21,93,1
41,93,1
56,93,1
71,93,1
80,93,1
87,93,1
89,93,-1
92,93,1
97,93,1
100,93,1
3,94,1
4,94,1
21,94,1
23,94,-1
25,94,-1
32,94,1
38,94,-1
39,94,1
44,94,-1
49,94,1
53,94,1
61,94,-1
77,94,1
86,94,1
7,95,1
9,95,1
13,95,-1
21,95,1
29,95,1
35,95,-1
37,95,-1
39,95,1
42,95,-1
63,95,-1
64,95,1
71,95,1
80,95,1
92,95,1
94,95,1
97,95,1
98,95,-1
99,95,1
4,96,1
29,96,1
40,96,1
45,96,1
49,96,1
57,96,1
58,96,1
75,96,1
79,96,1
89,96,-1
90,96,1
93,96,1
28,97,1
30,97,-1
42,97,-1
48,97,-1
49,97,1
59,97,1
83,97,-1
20,98,1
23,98,-1
33,98,1
35,98,-1
39,98,1
45,98,1
56,98,1
64,98,1
68,98,1
75,98,1
78,98,1
80,98,1
83,98,-1
87,98,1
91,98,1
97,98,1
100,98,1
1,99,1
13,99,-1
18,99,1
27,99,1
34,99,1
36,99,1
37,99,-1
49,99,1
66,99,-1
75,99,1
93,99,1
6,100,1
9,100,1
13,100,-1
14,100,1
24,100,1
33,100,1
34,100,1
43,100,1
44,100,-1
61,100,-1
68,100,1
71,100,1
76,100,1
85,100,1
89,100,-1
