26,1,1
30,1,1
48,1,1
62,1,1
70,1,1
74,1,1
80,1,1
90,1,-1
91,1,1
93,1,1
17,2,1
18,2,-1
22,2,1
28,2,1
53,2,-1
56,2,-1
65,2,1
78,2,1
79,2,-1
82,2,1
83,2,-1
85,2,-1
97,2,1
100,2,-1
5,3,-1
31,3,1
37,3,1
43,3,1
44,3,-1
53,3,-1
61,3,-1
66,3,1
67,3,1
77,3,1
95,3,-1
97,3,1
98,3,1
2,4,1
36,4,-1
38,4,1
43,4,1
53,4,-1
58,4,-1
87,4,1
15,5,1
25,5,1
26,5,1
30,5,1
37,5,1
42,5,1
48,5,1
49,5,1
67,5,1
71,5,1
86,5,1
90,5,-1
93,5,1
95,5,-1
99,5,-1
10,6,1
12,6,1
41,6,1
62,6,1
79,6,-1
87,6,1
90,6,-1
97,6,1
15,7,1
36,7,-1
68,7,-1
85,7,-1
94,7,1
5,8,-1
9,8,-1
10,8,1
15,8,1
37,8,1
49,8,1
77,8,1
84,8,1
88,8,1
89,8,1
98,8,1
8,9,1
15,9,1
18,9,-1
25,9,1
32,9,-1
36,9,-1
37,9,1
39,9,1
47,9,1
77,9,1
80,9,1
84,9,1
94,9,1
98,9,1
9,10,-1
12,10,1
16,10,1
28,10,1
50,10,1
67,10,1
69,10,1
72,10,1
75,10,-1
77,10,1
83,10,-1
84,10,1
85,10,-1
86,10,1
89,10,1
97,10,1
7,11,-1
13,11,1
17,11,1
24,11,-1
52,11,1
54,11,1
68,11,-1
69,11,1
73,11,1
81,11,1
85,11,-1
16,12,1
23,12,-1
29,12,-1
34,12,1
44,12,-1
76,12,1
80,12,1
84,12,1
90,12,-1
91,12,1
97,12,1
18,13,-1
35,13,-1
40,13,1
46,13,1
55,13,1
57,13,1
58,13,-1
59,13,1
61,13,-1
73,13,1
85,13,-1
92,13,-1
96,13,1
98,13,1
6,14,-1
7,14,-1
12,14,1
22,14,1
29,14,-1
34,14,1
41,14,1
53,14,-1
62,14,1
66,14,1
76,14,1
90,14,-1
94,14,1
3,15,-1
8,15,1
9,15,-1
49,15,1
67,15,1
89,15,1
95,15,-1
99,15,-1
6,16,-1
8,16,1
10,16,1
12,16,1
23,16,-1
34,16,1
36,16,-1
74,16,1
77,16,1
87,16,1
97,16,1
99,16,-1
2,17,1
4,17,1
6,17,-1
14,17,-1
28,17,1
38,17,1
59,17,1
70,17,1
71,17,1
73,17,1
85,17,-1
88,17,1
91,17,1
13,18,1
20,18,1
31,18,1
39,18,1
40,18,1
46,18,1
55,18,1
58,18,-1
59,18,1
60,18,1
73,18,1
92,18,-1
1,19,1
20,19,1
22,19,1
36,19,-1
48,19,1
62,19,1
74,19,1
76,19,1
90,19,-1
93,19,1
99,19,-1
1,20,1
11,20,-1
15,20,1
41,20,1
57,20,1
62,20,1
64,20,1
67,20,1
70,20,1
71,20,1
9,21,-1
18,21,-1
29,21,-1
30,21,1
32,21,-1
35,21,-1
39,21,1
40,21,1
45,21,1
46,21,1
47,21,1
53,21,-1
71,21,1
2,22,1
6,22,-1
18,22,-1
19,22,1
20,22,1
28,22,1
41,22,1
54,22,1
55,22,1
56,22,-1
59,22,1
62,22,1
70,22,1
76,22,1
88,22,1
5,23,-1
34,23,1
48,23,1
62,23,1
66,23,1
76,23,1
80,23,1
90,23,-1
91,23,1
93,23,1
20,24,1
67,24,1
70,24,1
71,24,1
90,24,-1
8,25,1
15,25,1
18,25,-1
34,25,1
37,25,1
42,25,1
49,25,1
99,25,-1
5,26,-1
19,26,1
31,26,1
42,26,1
62,26,1
71,26,1
74,26,1
93,26,1
3,27,-1
31,27,1
39,27,1
45,27,1
49,27,1
51,27,1
64,27,1
69,27,1
75,27,-1
82,27,1
92,27,-1
96,27,1
98,27,1
100,27,-1
2,28,1
6,28,-1
51,28,1
54,28,1
56,28,-1
63,28,1
65,28,1
78,28,1
82,28,1
85,28,-1
91,28,1
26,29,1
27,29,1
28,29,1
36,29,-1
44,29,-1
54,29,1
56,29,-1
63,29,1
64,29,1
65,29,1
69,29,1
76,29,1
80,29,1
82,29,1
84,29,1
93,29,1
100,29,-1
5,30,-1
18,30,-1
21,30,1
25,30,1
26,30,1
35,30,-1
40,30,1
48,30,1
60,30,1
74,30,1
91,30,1
99,30,-1
3,31,-1
5,31,-1
32,31,-1
49,31,1
60,31,1
62,31,1
71,31,1
83,31,-1
86,31,1
12,32,1
16,32,1
18,32,-1
23,32,-1
31,32,1
45,32,1
47,32,1
54,32,1
83,32,-1
84,32,1
86,32,1
94,32,1
3,33,-1
4,33,1
38,33,1
43,33,1
52,33,1
55,33,1
57,33,1
58,33,-1
61,33,-1
75,33,-1
81,33,1
96,33,1
3,34,-1
12,34,1
15,34,1
24,34,-1
32,34,-1
62,34,1
66,34,1
73,34,1
75,34,-1
76,34,1
91,34,1
95,34,-1
97,34,1
7,35,-1
18,35,-1
29,35,-1
39,35,1
43,35,1
54,35,1
58,35,-1
64,35,1
65,35,1
68,35,-1
69,35,1
78,35,1
82,35,1
1,36,1
16,36,1
32,36,-1
33,36,1
42,36,1
55,36,1
64,36,1
72,36,1
74,36,1
77,36,1
78,36,1
87,36,1
88,36,1
5,37,-1
6,37,-1
15,37,1
18,37,-1
25,37,1
26,37,1
30,37,1
42,37,1
49,37,1
70,37,1
71,37,1
84,37,1
88,37,1
93,37,1
94,37,1
99,37,-1
3,38,-1
6,38,-1
13,38,1
33,38,1
35,38,-1
43,38,1
50,38,1
57,38,1
61,38,-1
79,38,-1
97,38,1
7,39,-1
13,39,1
18,39,-1
21,39,1
27,39,1
31,39,1
40,39,1
45,39,1
46,39,1
47,39,1
53,39,-1
55,39,1
60,39,1
73,39,1
92,39,-1
96,39,1
100,39,-1
2,40,1
18,40,-1
35,40,-1
58,40,-1
91,40,1
92,40,-1
1,41,1
19,41,1
20,41,1
22,41,1
62,41,1
70,41,1
76,41,1
90,41,-1
1,42,1
5,42,-1
7,42,-1
16,42,1
19,42,1
25,42,1
26,42,1
30,42,1
32,42,-1
36,42,-1
37,42,1
48,42,1
49,42,1
73,42,1
74,42,1
93,42,1
99,42,-1
11,43,-1
16,43,1
33,43,1
38,43,1
40,43,1
52,43,1
57,43,1
63,43,1
64,43,1
69,43,1
97,43,1
2,44,1
10,44,1
12,44,1
14,44,-1
28,44,1
34,44,1
53,44,-1
65,44,1
75,44,-1
85,44,-1
98,44,1
9,45,-1
21,45,1
31,45,1
32,45,-1
39,45,1
40,45,1
43,45,1
47,45,1
94,45,1
100,45,-1
18,46,-1
30,46,1
40,46,1
44,46,-1
55,46,1
58,46,-1
92,46,-1
98,46,1
99,46,-1
9,47,-1
21,47,1
23,47,-1
32,47,-1
36,47,-1
39,47,1
45,47,1
69,47,1
77,47,1
80,47,1
81,47,1
94,47,1
5,48,-1
16,48,1
17,48,1
19,48,1
22,48,1
23,48,-1
26,48,1
36,48,-1
41,48,1
42,48,1
62,48,1
66,48,1
70,48,1
74,48,1
76,48,1
91,48,1
93,48,1
99,48,-1
3,49,-1
5,49,-1
15,49,1
25,49,1
26,49,1
27,49,1
30,49,1
37,49,1
42,49,1
67,49,1
70,49,1
71,49,1
73,49,1
92,49,-1
6,50,-1
12,50,1
16,50,1
43,50,1
61,50,-1
68,50,-1
72,50,1
79,50,-1
84,50,1
87,50,1
97,50,1
2,51,1
17,51,1
29,51,-1
35,51,-1
44,51,-1
54,51,1
56,51,-1
63,51,1
78,51,1
79,51,-1
100,51,-1
7,52,-1
33,52,1
37,52,1
43,52,1
45,52,1
47,52,1
57,52,1
68,52,-1
69,52,1
75,52,-1
81,52,1
83,52,-1
94,52,1
96,52,1
2,53,1
5,53,-1
6,53,-1
15,53,1
17,53,1
22,53,1
28,53,1
37,53,1
40,53,1
44,53,-1
46,53,1
55,53,1
58,53,-1
65,53,1
77,53,1
78,53,1
79,53,-1
87,53,1
92,53,-1
94,53,1
95,53,-1
97,53,1
7,54,-1
14,54,-1
19,54,1
51,54,1
56,54,-1
65,54,1
68,54,-1
82,54,1
85,54,-1
100,54,-1
3,55,-1
13,55,1
18,55,-1
35,55,-1
38,55,1
40,55,1
46,55,1
58,55,-1
59,55,1
75,55,-1
79,55,-1
88,55,1
92,55,-1
96,55,1
97,55,1
98,55,1
2,56,1
11,56,-1
17,56,1
19,56,1
21,56,1
22,56,1
28,56,1
29,56,-1
44,56,-1
51,56,1
54,56,1
59,56,1
65,56,1
78,56,1
85,56,-1
91,56,1
100,56,-1
1,57,1
33,57,1
38,57,1
52,57,1
55,57,1
61,57,-1
64,57,1
69,57,1
96,57,1
3,58,-1
13,58,1
18,58,-1
35,58,-1
38,58,1
40,58,1
43,58,1
53,58,-1
55,58,1
57,58,1
61,58,-1
73,58,1
79,58,-1
87,58,1
92,58,-1
97,58,1
2,59,1
18,59,-1
22,59,1
38,59,1
40,59,1
60,59,1
79,59,-1
18,60,-1
21,60,1
22,60,1
23,60,-1
30,60,1
32,60,-1
34,60,1
35,60,-1
40,60,1
45,60,1
46,60,1
47,60,1
55,60,1
61,60,-1
4,61,1
18,61,-1
33,61,1
38,61,1
40,61,1
43,61,1
50,61,1
55,61,1
58,61,-1
86,61,1
97,61,1
6,62,-1
12,62,1
20,62,1
23,62,-1
24,62,-1
34,62,1
41,62,1
45,62,1
67,62,1
76,62,1
80,62,1
90,62,-1
97,62,1
27,63,1
35,63,-1
39,63,1
40,63,1
43,63,1
45,63,1
51,63,1
52,63,1
54,63,1
64,63,1
65,63,1
82,63,1
96,63,1
100,63,-1
1,64,1
19,64,1
35,64,-1
36,64,-1
43,64,1
50,64,1
52,64,1
53,64,-1
56,64,-1
62,64,1
63,64,1
65,64,1
68,64,-1
74,64,1
78,64,1
82,64,1
96,64,1
100,64,-1
10,65,1
12,65,1
14,65,-1
28,65,1
29,65,-1
44,65,-1
56,65,-1
63,65,1
64,65,1
78,65,1
82,65,1
100,65,-1
5,66,-1
14,66,-1
15,66,1
20,66,1
23,66,-1
26,66,1
34,66,1
41,66,1
48,66,1
51,66,1
53,66,-1
60,66,1
62,66,1
76,66,1
80,66,1
90,66,-1
95,66,-1
97,66,1
100,66,-1
5,67,-1
11,67,-1
17,67,1
20,67,1
24,67,-1
27,67,1
31,67,1
34,67,1
41,67,1
42,67,1
48,67,1
49,67,1
62,67,1
70,67,1
71,67,1
73,67,1
81,67,1
86,67,1
90,67,-1
7,68,-1
11,68,-1
14,68,-1
35,68,-1
43,68,1
45,68,1
52,68,1
63,68,1
69,68,1
71,68,1
83,68,-1
85,68,-1
86,68,1
9,69,-1
10,69,1
13,69,1
38,69,1
52,69,1
60,69,1
68,69,-1
81,69,1
83,69,-1
88,69,1
89,69,1
96,69,1
6,70,-1
11,70,-1
14,70,-1
15,70,1
19,70,1
20,70,1
24,70,-1
41,70,1
48,70,1
56,70,-1
62,70,1
66,70,1
67,70,1
76,70,1
90,70,-1
91,70,1
93,70,1
3,71,-1
5,71,-1
11,71,-1
18,71,-1
24,71,-1
26,71,1
31,71,1
49,71,1
67,71,1
70,71,1
73,71,1
75,71,-1
86,71,1
99,71,-1
6,72,-1
12,72,1
16,72,1
43,72,1
50,72,1
64,72,1
74,72,1
77,72,1
81,72,1
84,72,1
87,72,1
89,72,1
97,72,1
4,73,1
13,73,1
23,73,-1
32,73,-1
37,73,1
42,73,1
49,73,1
53,73,-1
55,73,1
93,73,1
16,74,1
19,74,1
26,74,1
36,74,-1
42,74,1
48,74,1
77,74,1
3,75,-1
15,75,1
34,75,1
35,75,-1
37,75,1
43,75,1
57,75,1
58,75,-1
68,75,-1
69,75,1
74,75,1
86,75,1
92,75,-1
95,75,-1
96,75,1
98,75,1
1,76,1
22,76,1
23,76,-1
48,76,1
62,76,1
66,76,1
83,76,-1
8,77,1
9,77,-1
16,77,1
36,77,-1
43,77,1
44,77,-1
46,77,1
50,77,1
64,77,1
65,77,1
74,77,1
84,77,1
89,77,1
97,77,1
98,77,1
1,78,1
2,78,1
4,78,1
7,78,-1
14,78,-1
17,78,1
28,78,1
38,78,1
43,78,1
44,78,-1
50,78,1
53,78,-1
54,78,1
56,78,-1
58,78,-1
73,78,1
85,78,-1
87,78,1
4,79,1
6,79,-1
17,79,1
28,79,1
38,79,1
43,79,1
53,79,-1
57,79,1
72,79,1
78,79,1
87,79,1
88,79,1
93,79,1
97,79,1
5,80,-1
6,80,-1
23,80,-1
32,80,-1
34,80,1
45,80,1
47,80,1
62,80,1
76,80,1
89,80,1
94,80,1
11,81,-1
34,81,1
38,81,1
43,81,1
47,81,1
52,81,1
68,81,-1
69,81,1
75,81,-1
83,81,-1
86,81,1
88,81,1
6,82,-1
12,82,1
51,82,1
54,82,1
56,82,-1
63,82,1
65,82,1
100,82,-1
7,83,-1
11,83,-1
13,83,1
19,83,1
45,83,1
52,83,1
62,83,1
68,83,-1
69,83,1
81,83,1
85,83,-1
86,83,1
87,83,1
94,83,1
98,83,1
100,83,-1
9,84,-1
10,84,1
12,84,1
15,84,1
16,84,1
23,84,-1
32,84,-1
36,84,-1
47,84,1
72,84,1
77,84,1
80,84,1
82,84,1
87,84,1
89,84,1
4,85,1
7,85,-1
35,85,-1
51,85,1
54,85,1
59,85,1
68,85,-1
81,85,1
83,85,-1
86,85,1
7,86,-1
11,86,-1
24,86,-1
47,86,1
62,86,1
67,86,1
68,86,-1
71,86,1
81,86,1
83,86,-1
85,86,-1
99,86,-1
4,87,1
6,87,-1
8,87,1
12,87,1
32,87,-1
38,87,1
42,87,1
64,87,1
79,87,-1
84,87,1
88,87,1
1,88,1
4,88,1
8,88,1
9,88,-1
15,88,1
18,88,-1
27,88,1
39,88,1
42,88,1
59,88,1
77,88,1
84,88,1
87,88,1
89,88,1
98,88,1
100,88,-1
6,89,-1
8,89,1
9,89,-1
10,89,1
12,89,1
15,89,1
16,89,1
47,89,1
72,89,1
77,89,1
84,89,1
87,89,1
98,89,1
14,90,-1
16,90,1
20,90,1
22,90,1
24,90,-1
41,90,1
56,90,-1
62,90,1
66,90,1
70,90,1
76,90,1
80,90,1
91,90,1
1,91,1
2,91,1
17,91,1
19,91,1
26,91,1
48,91,1
53,91,-1
56,91,-1
59,91,1
76,91,1
79,91,-1
88,91,1
93,91,1
13,92,1
18,92,-1
20,92,1
38,92,1
57,92,1
58,92,-1
61,92,-1
62,92,1
67,92,1
69,92,1
73,92,1
96,92,1
98,92,1
100,92,-1
6,93,-1
17,93,1
19,93,1
41,93,1
42,93,1
48,93,1
91,93,1
11,94,-1
29,94,-1
45,94,1
47,94,1
52,94,1
59,94,1
68,94,-1
69,94,1
81,94,1
83,94,-1
86,94,1
87,94,1
3,95,-1
15,95,1
26,95,1
34,95,1
37,95,1
44,95,-1
51,95,1
53,95,-1
66,95,1
3,96,-1
27,96,1
38,96,1
39,96,1
43,96,1
45,96,1
57,96,1
58,96,-1
92,96,-1
100,96,-1
6,97,-1
50,97,1
77,97,1
89,97,1
93,97,1
3,98,-1
15,98,1
27,98,1
39,98,1
49,98,1
53,98,-1
55,98,1
58,98,-1
69,98,1
84,98,1
91,98,1
96,98,1
3,99,-1
5,99,-1
7,99,-1
21,99,1
25,99,1
26,99,1
37,99,1
42,99,1
48,99,1
53,99,-1
68,99,-1
71,99,1
74,99,1
75,99,-1
85,99,-1
95,99,-1
21,100,1
27,100,1
29,100,-1
35,100,-1
39,100,1
51,100,1
54,100,1
56,100,-1
63,100,1
65,100,1
69,100,1
82,100,1
