2,1,1
7,1,1
10,1,1
13,1,-1
21,1,1
23,1,1
25,1,1
43,1,-1
50,1,1
53,1,1
76,1,1
92,1,1
99,1,1
11,2,-1
16,2,1
24,2,1
33,2,1
39,2,1
46,2,1
57,2,-1
62,2,1
64,2,1
69,2,1
71,2,1
77,2,1
82,2,1
27,3,1
33,3,1
38,3,1
39,3,1
44,3,1
53,3,1
61,3,1
62,3,1
80,3,-1
93,3,-1
13,4,-1
18,4,1
30,4,1
36,4,1
46,4,1
54,4,-1
62,4,1
65,4,1
68,4,1
85,4,1
93,4,-1
10,5,1
25,5,1
28,5,1
44,5,1
69,5,1
71,5,1
72,5,1
81,5,-1
84,5,1
90,5,-1
1,6,1
26,6,1
30,6,1
42,6,1
59,6,1
61,6,1
64,6,1
79,6,1
83,6,1
88,6,1
98,6,1
9,7,1
19,7,1
21,7,1
24,7,1
25,7,1
26,7,1
31,7,1
58,7,1
64,7,1
67,7,-1
78,7,1
89,7,1
96,7,1
9,8,1
21,8,1
29,8,1
35,8,1
36,8,1
61,8,1
64,8,1
67,8,-1
68,8,1
71,8,1
77,8,1
92,8,1
3,9,-1
8,9,1
10,9,1
11,9,-1
14,9,1
16,9,1
22,9,1
33,9,1
35,9,1
41,9,1
57,9,-1
63,9,1
71,9,1
74,9,1
82,9,1
88,9,1
100,9,1
3,10,-1
14,10,1
17,10,1
24,10,1
25,10,1
28,10,1
32,10,-1
34,10,1
36,10,1
64,10,1
68,10,1
74,10,1
84,10,1
87,10,1
1,11,1
8,11,1
10,11,1
13,11,-1
34,11,1
43,11,-1
45,11,-1
51,11,1
54,11,-1
62,11,1
75,11,1
83,11,1
90,11,-1
99,11,1
16,12,1
23,12,1
26,12,1
40,12,1
45,12,-1
47,12,1
51,12,1
52,12,-1
56,12,1
94,12,-1
8,13,1
30,13,1
31,13,1
46,13,1
61,13,1
64,13,1
88,13,1
23,14,1
24,14,1
32,14,-1
60,14,-1
62,14,1
65,14,1
69,14,1
76,14,1
77,14,1
79,14,1
100,14,1
1,15,1
8,15,1
41,15,1
42,15,1
59,15,1
76,15,1
83,15,1
86,15,-1
87,15,1
90,15,-1
99,15,1
4,16,1
14,16,1
25,16,1
26,16,1
56,16,1
74,16,1
75,16,1
77,16,1
78,16,1
89,16,1
98,16,1
9,17,1
18,17,1
38,17,1
41,17,1
42,17,1
52,17,-1
86,17,-1
91,17,-1
96,17,1
1,18,1
5,18,1
9,18,1
11,18,-1
19,18,1
39,18,1
57,18,-1
61,18,1
65,18,1
88,18,1
91,18,-1
97,18,1
99,18,1
4,19,1
7,19,1
14,19,1
18,19,1
35,19,1
61,19,1
64,19,1
87,19,1
89,19,1
90,19,-1
95,19,-1
14,20,1
32,20,-1
35,20,1
44,20,1
51,20,1
62,20,1
76,20,1
77,20,1
81,20,-1
84,20,1
85,20,1
90,20,-1
95,20,-1
4,21,1
7,21,1
8,21,1
12,21,-1
22,21,1
37,21,1
40,21,1
42,21,1
43,21,-1
54,21,-1
98,21,1
99,21,1
6,22,1
11,22,-1
32,22,-1
45,22,-1
49,22,-1
51,22,1
58,22,1
74,22,1
84,22,1
86,22,-1
87,22,1
93,22,-1
97,22,1
3,23,-1
6,23,1
8,23,1
41,23,1
54,23,-1
68,23,1
86,23,-1
93,23,-1
94,23,-1
11,24,-1
15,24,1
33,24,1
77,24,1
82,24,1
85,24,1
92,24,1
1,25,1
23,25,1
26,25,1
30,25,1
38,25,1
40,25,1
42,25,1
66,25,1
67,25,-1
85,25,1
93,25,-1
99,25,1
5,26,1
7,26,1
10,26,1
13,26,-1
16,26,1
22,26,1
25,26,1
38,26,1
41,26,1
60,26,-1
64,26,1
67,26,-1
70,26,1
72,26,1
7,27,1
33,27,1
41,27,1
43,27,-1
50,27,1
59,27,1
65,27,1
72,27,1
78,27,1
79,27,1
98,27,1
6,28,1
12,28,-1
19,28,1
39,28,1
76,28,1
77,28,1
83,28,1
85,28,1
87,28,1
91,28,-1
12,29,-1
19,29,1
38,29,1
47,29,1
48,29,-1
52,29,-1
65,29,1
71,29,1
78,29,1
84,29,1
93,29,-1
96,29,1
99,29,1
3,30,-1
5,30,1
6,30,1
9,30,1
13,30,-1
41,30,1
44,30,1
45,30,-1
47,30,1
49,30,-1
50,30,1
59,30,1
62,30,1
75,30,1
86,30,-1
100,30,1
11,31,-1
18,31,1
40,31,1
43,31,-1
55,31,1
59,31,1
61,31,1
89,31,1
4,32,1
10,32,1
18,32,1
20,32,1
28,32,1
31,32,1
37,32,1
53,32,1
65,32,1
83,32,1
90,32,-1
100,32,1
1,33,1
31,33,1
34,33,1
40,33,1
49,33,-1
60,33,-1
63,33,1
65,33,1
68,33,1
74,33,1
77,33,1
92,33,1
93,33,-1
99,33,1
8,34,1
14,34,1
27,34,1
33,34,1
41,34,1
45,34,-1
52,34,-1
70,34,1
84,34,1
88,34,1
92,34,1
97,34,1
1,35,1
9,35,1
16,35,1
23,35,1
26,35,1
28,35,1
42,35,1
44,35,1
51,35,1
53,35,1
59,35,1
60,35,-1
66,35,1
67,35,-1
84,35,1
97,35,1
4,36,1
15,36,1
31,36,1
32,36,-1
37,36,1
43,36,-1
47,36,1
57,36,-1
60,36,-1
64,36,1
70,36,1
74,36,1
83,36,1
88,36,1
97,36,1
100,36,1
6,37,1
35,37,1
54,37,-1
62,37,1
71,37,1
81,37,-1
91,37,-1
93,37,-1
99,37,1
4,38,1
10,38,1
11,38,-1
15,38,1
46,38,1
48,38,-1
52,38,-1
59,38,1
69,38,1
88,38,1
95,38,-1
98,38,1
13,39,-1
18,39,1
20,39,1
30,39,1
42,39,1
48,39,-1
55,39,1
74,39,1
75,39,1
79,39,1
81,39,-1
84,39,1
92,39,1
16,40,1
24,40,1
35,40,1
39,40,1
50,40,1
54,40,-1
62,40,1
73,40,1
85,40,1
92,40,1
98,40,1
100,40,1
1,41,1
20,41,1
22,41,1
23,41,1
46,41,1
55,41,1
56,41,1
67,41,-1
69,41,1
72,41,1
79,41,1
95,41,-1
96,41,1
4,42,1
23,42,1
28,42,1
30,42,1
31,42,1
43,42,-1
53,42,1
55,42,1
64,42,1
65,42,1
80,42,-1
11,43,-1
16,43,1
17,43,1
19,43,1
27,43,1
33,43,1
37,43,1
39,43,1
42,43,1
45,43,-1
67,43,-1
80,43,-1
93,43,-1
95,43,-1
1,44,1
8,44,1
20,44,1
24,44,1
26,44,1
28,44,1
39,44,1
50,44,1
54,44,-1
55,44,1
67,44,-1
79,44,1
84,44,1
96,44,1
98,44,1
7,45,1
14,45,1
15,45,1
22,45,1
43,45,-1
50,45,1
52,45,-1
56,45,1
57,45,-1
60,45,-1
63,45,1
64,45,1
65,45,1
69,45,1
83,45,1
90,45,-1
1,46,1
13,46,-1
19,46,1
30,46,1
48,46,-1
49,46,-1
51,46,1
60,46,-1
77,46,1
91,46,-1
95,46,-1
96,46,1
100,46,1
5,47,1
17,47,1
19,47,1
39,47,1
59,47,1
73,47,1
78,47,1
93,47,-1
99,47,1
11,48,-1
16,48,1
32,48,-1
36,48,1
46,48,1
53,48,1
61,48,1
70,48,1
73,48,1
77,48,1
81,48,-1
86,48,-1
98,48,1
15,49,1
24,49,1
36,49,1
47,49,1
56,49,1
60,49,-1
61,49,1
67,49,-1
72,49,1
78,49,1
84,49,1
100,49,1
5,50,1
6,50,1
12,50,-1
13,50,-1
48,50,-1
63,50,1
70,50,1
71,50,1
80,50,-1
84,50,1
88,50,1
89,50,1
5,51,1
32,51,-1
41,51,1
46,51,1
52,51,-1
62,51,1
63,51,1
77,51,1
83,51,1
93,51,-1
4,52,1
6,52,1
13,52,-1
16,52,1
18,52,1
24,52,1
25,52,1
37,52,1
39,52,1
40,52,1
51,52,1
56,52,1
63,52,1
67,52,-1
70,52,1
73,52,1
79,52,1
80,52,-1
90,52,-1
92,52,1
93,52,-1
95,52,-1
100,52,1
24,53,1
25,53,1
31,53,1
65,53,1
83,53,1
89,53,1
94,53,-1
95,53,-1
100,53,1
11,54,-1
13,54,-1
20,54,1
23,54,1
24,54,1
34,54,1
52,54,-1
63,54,1
67,54,-1
76,54,1
22,55,1
29,55,1
39,55,1
42,55,1
48,55,-1
49,55,-1
59,55,1
71,55,1
73,55,1
80,55,-1
81,55,-1
87,55,1
89,55,1
94,55,-1
97,55,1
5,56,1
16,56,1
17,56,1
19,56,1
35,56,1
36,56,1
49,56,-1
66,56,1
75,56,1
92,56,1
5,57,1
8,57,1
12,57,-1
15,57,1
58,57,1
60,57,-1
61,57,1
65,57,1
80,57,-1
96,57,1
5,58,1
16,58,1
23,58,1
24,58,1
28,58,1
31,58,1
37,58,1
52,58,-1
60,58,-1
62,58,1
66,58,1
77,58,1
89,58,1
2,59,1
27,59,1
29,59,1
30,59,1
35,59,1
43,59,-1
47,59,1
52,59,-1
54,59,-1
57,59,-1
60,59,-1
61,59,1
63,59,1
87,59,1
91,59,-1
95,59,-1
7,60,1
10,60,1
13,60,-1
17,60,1
21,60,1
35,60,1
36,60,1
37,60,1
38,60,1
45,60,-1
55,60,1
65,60,1
72,60,1
73,60,1
99,60,1
6,61,1
11,61,-1
18,61,1
20,61,1
24,61,1
31,61,1
34,61,1
37,61,1
40,61,1
47,61,1
51,61,1
65,61,1
74,61,1
99,61,1
4,62,1
11,62,-1
15,62,1
17,62,1
23,62,1
26,62,1
44,62,1
48,62,-1
49,62,-1
53,62,1
64,62,1
68,62,1
71,62,1
76,62,1
80,62,-1
92,62,1
99,62,1
26,63,1
33,63,1
39,63,1
41,63,1
53,63,1
64,63,1
67,63,-1
11,64,-1
12,64,-1
30,64,1
32,64,-1
34,64,1
35,64,1
49,64,-1
52,64,-1
60,64,-1
84,64,1
85,64,1
86,64,-1
88,64,1
93,64,-1
94,64,-1
100,64,1
11,65,-1
30,65,1
44,65,1
46,65,1
57,65,-1
64,65,1
69,65,1
80,65,-1
83,65,1
84,65,1
100,65,1
5,66,1
29,66,1
32,66,-1
33,66,1
39,66,1
63,66,1
86,66,-1
88,66,1
6,67,1
10,67,1
44,67,1
53,67,1
54,67,-1
55,67,1
75,67,1
83,67,1
84,67,1
91,67,-1
17,68,1
30,68,1
31,68,1
36,68,1
37,68,1
51,68,1
65,68,1
69,68,1
76,68,1
78,68,1
79,68,1
82,68,1
86,68,-1
94,68,-1
6,69,1
8,69,1
19,69,1
24,69,1
38,69,1
45,69,-1
55,69,1
66,69,1
86,69,-1
9,70,1
23,70,1
38,70,1
39,70,1
47,70,1
52,70,-1
62,70,1
65,70,1
71,70,1
74,70,1
75,70,1
76,70,1
82,70,1
90,70,-1
4,71,1
5,71,1
14,71,1
15,71,1
22,71,1
23,71,1
51,71,1
64,71,1
65,71,1
78,71,1
89,71,1
91,71,-1
44,72,1
45,72,-1
68,72,1
83,72,1
88,72,1
94,72,-1
5,73,1
12,73,-1
17,73,1
20,73,1
30,73,1
40,73,1
45,73,-1
50,73,1
59,73,1
62,73,1
64,73,1
83,73,1
6,74,1
7,74,1
17,74,1
26,74,1
30,74,1
37,74,1
45,74,-1
52,74,-1
54,74,-1
55,74,1
57,74,-1
59,74,1
76,74,1
83,74,1
96,74,1
7,75,1
13,75,-1
20,75,1
28,75,1
38,75,1
41,75,1
48,75,-1
50,75,1
55,75,1
57,75,-1
61,75,1
64,75,1
94,75,-1
4,76,1
9,76,1
16,76,1
17,76,1
38,76,1
56,76,1
65,76,1
71,76,1
78,76,1
82,76,1
83,76,1
87,76,1
94,76,-1
96,76,1
8,77,1
13,77,-1
18,77,1
19,77,1
20,77,1
33,77,1
44,77,1
48,77,-1
61,77,1
65,77,1
67,77,-1
69,77,1
74,77,1
83,77,1
6,78,1
12,78,-1
28,78,1
36,78,1
37,78,1
40,78,1
45,78,-1
48,78,-1
59,78,1
60,78,-1
67,78,-1
76,78,1
83,78,1
100,78,1
5,79,1
6,79,1
12,79,-1
22,79,1
32,79,-1
40,79,1
41,79,1
45,79,-1
64,79,1
69,79,1
74,79,1
78,79,1
81,79,-1
2,80,1
8,80,1
9,80,1
13,80,-1
26,80,1
32,80,-1
35,80,1
46,80,1
48,80,-1
50,80,1
52,80,-1
59,80,1
60,80,-1
66,80,1
83,80,1
85,80,1
5,81,1
24,81,1
31,81,1
35,81,1
41,81,1
46,81,1
47,81,1
57,81,-1
76,81,1
85,81,1
86,81,-1
88,81,1
100,81,1
20,82,1
21,82,1
27,82,1
48,82,-1
59,82,1
76,82,1
1,83,1
11,83,-1
12,83,-1
17,83,1
26,83,1
29,83,1
36,83,1
53,83,1
54,83,-1
58,83,1
67,83,-1
70,83,1
71,83,1
76,83,1
77,83,1
10,84,1
13,84,-1
15,84,1
17,84,1
20,84,1
25,84,1
41,84,1
43,84,-1
45,84,-1
48,84,-1
50,84,1
59,84,1
62,84,1
78,84,1
80,84,-1
97,84,1
99,84,1
3,85,-1
5,85,1
8,85,1
10,85,1
20,85,1
24,85,1
26,85,1
47,85,1
59,85,1
92,85,1
95,85,-1
99,85,1
36,86,1
55,86,1
80,86,-1
83,86,1
97,86,1
19,87,1
50,87,1
57,87,-1
61,87,1
67,87,-1
68,87,1
85,87,1
89,87,1
99,87,1
7,88,1
10,88,1
15,88,1
24,88,1
31,88,1
38,88,1
44,88,1
46,88,1
65,88,1
67,88,-1
68,88,1
85,88,1
89,88,1
16,89,1
26,89,1
32,89,-1
50,89,1
55,89,1
78,89,1
82,89,1
91,89,-1
100,89,1
1,90,1
2,90,1
8,90,1
13,90,-1
17,90,1
34,90,1
46,90,1
58,90,1
83,90,1
100,90,1
3,91,-1
14,91,1
59,91,1
63,91,1
71,91,1
72,91,1
79,91,1
80,91,-1
85,91,1
13,92,-1
24,92,1
48,92,-1
51,92,1
58,92,1
64,92,1
67,92,-1
87,92,1
90,92,-1
91,92,-1
2,93,1
10,93,1
14,93,1
18,93,1
30,93,1
38,93,1
43,93,-1
47,93,1
50,93,1
55,93,1
58,93,1
67,93,-1
69,93,1
76,93,1
80,93,-1
85,93,1
89,93,1
15,94,1
25,94,1
28,94,1
42,94,1
44,94,1
55,94,1
57,94,-1
60,94,-1
61,94,1
62,94,1
66,94,1
71,94,1
99,94,1
8,95,1
17,95,1
53,95,1
55,95,1
60,95,-1
68,95,1
74,95,1
75,95,1
81,95,-1
83,95,1
88,95,1
92,95,1
98,95,1
99,95,1
38,96,1
43,96,-1
48,96,-1
52,96,-1
53,96,1
54,96,-1
55,96,1
61,96,1
69,96,1
78,96,1
79,96,1
90,96,-1
91,96,-1
98,96,1
7,97,1
13,97,-1
16,97,1
17,97,1
41,97,1
64,97,1
73,97,1
98,97,1
99,97,1
5,98,1
7,98,1
10,98,1
11,98,-1
15,98,1
36,98,1
41,98,1
58,98,1
60,98,-1
61,98,1
65,98,1
70,98,1
81,98,-1
84,98,1
100,98,1
6,99,1
13,99,-1
16,99,1
30,99,1
51,99,1
62,99,1
63,99,1
70,99,1
79,99,1
85,99,1
100,99,1
8,100,1
27,100,1
40,100,1
41,100,1
45,100,-1
53,100,1
69,100,1
74,100,1
75,100,1
76,100,1
81,100,-1
92,100,1
